1520
400
13
1	1	2	1	1	80	2	800	0	0.0125	0	0	0
2	1	21	1	1	80	2	800	0	0.0125	0	0	0
3	2	1	1	1	80	2	800	0	0.0125	0	0	0
4	2	3	1	1	80	2	800	0	0.0125	0	0	0
5	2	22	1	1	80	2	800	0	0.0125	0	0	0
6	3	2	1	1	80	2	800	0	0.0125	0	0	0
7	3	4	1	1	80	2	800	0	0.0125	0	0	0
8	3	23	1	1	80	2	800	0	0.0125	0	0	0
9	4	3	1	1	80	2	800	0	0.0125	0	0	0
10	4	5	1	1	80	2	800	0	0.0125	0	0	0
11	4	24	1	1	80	2	800	0	0.0125	0	0	0
12	5	4	1	1	80	2	800	0	0.0125	0	0	0
13	5	6	1	1	80	2	800	0	0.0125	0	0	0
14	5	25	1	1	80	2	800	0	0.0125	0	0	0
15	6	5	1	1	80	2	800	0	0.0125	0	0	0
16	6	7	1	1	80	2	800	0	0.0125	0	0	0
17	6	26	1	1	80	2	800	0	0.0125	0	0	0
18	7	6	1	1	80	2	800	0	0.0125	0	0	0
19	7	8	1	1	80	2	800	0	0.0125	0	0	0
20	7	27	1	1	80	2	800	0	0.0125	0	0	0
21	8	7	1	1	80	2	800	0	0.0125	0	0	0
22	8	9	1	1	80	2	800	0	0.0125	0	0	0
23	8	28	1	1	80	2	800	0	0.0125	0	0	0
24	9	8	1	1	80	2	800	0	0.0125	0	0	0
25	9	10	1	1	80	2	800	0	0.0125	0	0	0
26	9	29	1	1	80	2	800	0	0.0125	0	0	0
27	10	9	1	1	80	2	800	0	0.0125	0	0	0
28	10	11	1	1	80	2	800	0	0.0125	0	0	0
29	10	30	1	1	80	2	800	0	0.0125	0	0	0
30	11	10	1	1	80	2	800	0	0.0125	0	0	0
31	11	12	1	1	80	2	800	0	0.0125	0	0	0
32	11	31	1	1	80	2	800	0	0.0125	0	0	0
33	12	11	1	1	80	2	800	0	0.0125	0	0	0
34	12	13	1	1	80	2	800	0	0.0125	0	0	0
35	12	32	1	1	80	2	800	0	0.0125	0	0	0
36	13	12	1	1	80	2	800	0	0.0125	0	0	0
37	13	14	1	1	80	2	800	0	0.0125	0	0	0
38	13	33	1	1	80	2	800	0	0.0125	0	0	0
39	14	13	1	1	80	2	800	0	0.0125	0	0	0
40	14	15	1	1	80	2	800	0	0.0125	0	0	0
41	14	34	1	1	80	2	800	0	0.0125	0	0	0
42	15	14	1	1	80	2	800	0	0.0125	0	0	0
43	15	16	1	1	80	2	800	0	0.0125	0	0	0
44	15	35	1	1	80	2	800	0	0.0125	0	0	0
45	16	15	1	1	80	2	800	0	0.0125	0	0	0
46	16	17	1	1	80	2	800	0	0.0125	0	0	0
47	16	36	1	1	80	2	800	0	0.0125	0	0	0
48	17	16	1	1	80	2	800	0	0.0125	0	0	0
49	17	18	1	1	80	2	800	0	0.0125	0	0	0
50	17	37	1	1	80	2	800	0	0.0125	0	0	0
51	18	17	1	1	80	2	800	0	0.0125	0	0	0
52	18	19	1	1	80	2	800	0	0.0125	0	0	0
53	18	38	1	1	80	2	800	0	0.0125	0	0	0
54	19	18	1	1	80	2	800	0	0.0125	0	0	0
55	19	20	1	1	80	2	800	0	0.0125	0	0	0
56	19	39	1	1	80	2	800	0	0.0125	0	0	0
57	20	19	1	1	80	2	800	0	0.0125	0	0	0
58	20	40	1	1	80	2	800	0	0.0125	0	0	0
59	21	1	1	1	80	2	800	0	0.0125	0	0	0
60	21	22	1	1	80	2	800	0	0.0125	0	0	0
61	21	41	1	1	80	2	800	0	0.0125	0	0	0
62	22	2	1	1	80	2	800	0	0.0125	0	0	0
63	22	21	1	1	80	2	800	0	0.0125	0	0	0
64	22	42	1	1	80	2	800	0	0.0125	0	0	0
65	22	23	1	1	80	2	800	0	0.0125	0	0	0
66	23	3	1	1	80	2	800	0	0.0125	0	0	0
67	23	22	1	1	80	2	800	0	0.0125	0	0	0
68	23	43	1	1	80	2	800	0	0.0125	0	0	0
69	23	24	1	1	80	2	800	0	0.0125	0	0	0
70	24	4	1	1	80	2	800	0	0.0125	0	0	0
71	24	23	1	1	80	2	800	0	0.0125	0	0	0
72	24	44	1	1	80	2	800	0	0.0125	0	0	0
73	24	25	1	1	80	2	800	0	0.0125	0	0	0
74	25	5	1	1	80	2	800	0	0.0125	0	0	0
75	25	24	1	1	80	2	800	0	0.0125	0	0	0
76	25	45	1	1	80	2	800	0	0.0125	0	0	0
77	25	26	1	1	80	2	800	0	0.0125	0	0	0
78	26	6	1	1	80	2	800	0	0.0125	0	0	0
79	26	25	1	1	80	2	800	0	0.0125	0	0	0
80	26	46	1	1	80	2	800	0	0.0125	0	0	0
81	26	27	1	1	80	2	800	0	0.0125	0	0	0
82	27	7	1	1	80	2	800	0	0.0125	0	0	0
83	27	26	1	1	80	2	800	0	0.0125	0	0	0
84	27	47	1	1	80	2	800	0	0.0125	0	0	0
85	27	28	1	1	80	2	800	0	0.0125	0	0	0
86	28	8	1	1	80	2	800	0	0.0125	0	0	0
87	28	27	1	1	80	2	800	0	0.0125	0	0	0
88	28	48	1	1	80	2	800	0	0.0125	0	0	0
89	28	29	1	1	80	2	800	0	0.0125	0	0	0
90	29	9	1	1	80	2	800	0	0.0125	0	0	0
91	29	28	1	1	80	2	800	0	0.0125	0	0	0
92	29	49	1	1	80	2	800	0	0.0125	0	0	0
93	29	30	1	1	80	2	800	0	0.0125	0	0	0
94	30	10	1	1	80	2	800	0	0.0125	0	0	0
95	30	29	1	1	80	2	800	0	0.0125	0	0	0
96	30	50	1	1	80	2	800	0	0.0125	0	0	0
97	30	31	1	1	80	2	800	0	0.0125	0	0	0
98	31	11	1	1	80	2	800	0	0.0125	0	0	0
99	31	30	1	1	80	2	800	0	0.0125	0	0	0
100	31	51	1	1	80	2	800	0	0.0125	0	0	0
101	31	32	1	1	80	2	800	0	0.0125	0	0	0
102	32	12	1	1	80	2	800	0	0.0125	0	0	0
103	32	31	1	1	80	2	800	0	0.0125	0	0	0
104	32	52	1	1	80	2	800	0	0.0125	0	0	0
105	32	33	1	1	80	2	800	0	0.0125	0	0	0
106	33	13	1	1	80	2	800	0	0.0125	0	0	0
107	33	32	1	1	80	2	800	0	0.0125	0	0	0
108	33	53	1	1	80	2	800	0	0.0125	0	0	0
109	33	34	1	1	80	2	800	0	0.0125	0	0	0
110	34	14	1	1	80	2	800	0	0.0125	0	0	0
111	34	33	1	1	80	2	800	0	0.0125	0	0	0
112	34	54	1	1	80	2	800	0	0.0125	0	0	0
113	34	35	1	1	80	2	800	0	0.0125	0	0	0
114	35	15	1	1	80	2	800	0	0.0125	0	0	0
115	35	34	1	1	80	2	800	0	0.0125	0	0	0
116	35	55	1	1	80	2	800	0	0.0125	0	0	0
117	35	36	1	1	80	2	800	0	0.0125	0	0	0
118	36	16	1	1	80	2	800	0	0.0125	0	0	0
119	36	35	1	1	80	2	800	0	0.0125	0	0	0
120	36	56	1	1	80	2	800	0	0.0125	0	0	0
121	36	37	1	1	80	2	800	0	0.0125	0	0	0
122	37	17	1	1	80	2	800	0	0.0125	0	0	0
123	37	36	1	1	80	2	800	0	0.0125	0	0	0
124	37	57	1	1	80	2	800	0	0.0125	0	0	0
125	37	38	1	1	80	2	800	0	0.0125	0	0	0
126	38	18	1	1	80	2	800	0	0.0125	0	0	0
127	38	37	1	1	80	2	800	0	0.0125	0	0	0
128	38	58	1	1	80	2	800	0	0.0125	0	0	0
129	38	39	1	1	80	2	800	0	0.0125	0	0	0
130	39	19	1	1	80	2	800	0	0.0125	0	0	0
131	39	38	1	1	80	2	800	0	0.0125	0	0	0
132	39	59	1	1	80	2	800	0	0.0125	0	0	0
133	39	40	1	1	80	2	800	0	0.0125	0	0	0
134	40	20	1	1	80	2	800	0	0.0125	0	0	0
135	40	60	1	1	80	2	800	0	0.0125	0	0	0
136	40	39	1	1	80	2	800	0	0.0125	0	0	0
137	41	21	1	1	80	2	800	0	0.0125	0	0	0
138	41	42	1	1	80	2	800	0	0.0125	0	0	0
139	41	61	1	1	80	2	800	0	0.0125	0	0	0
140	42	22	1	1	80	2	800	0	0.0125	0	0	0
141	42	41	1	1	80	2	800	0	0.0125	0	0	0
142	42	62	1	1	80	2	800	0	0.0125	0	0	0
143	42	43	1	1	80	2	800	0	0.0125	0	0	0
144	43	23	1	1	80	2	800	0	0.0125	0	0	0
145	43	42	1	1	80	2	800	0	0.0125	0	0	0
146	43	63	1	1	80	2	800	0	0.0125	0	0	0
147	43	44	1	1	80	2	800	0	0.0125	0	0	0
148	44	24	1	1	80	2	800	0	0.0125	0	0	0
149	44	43	1	1	80	2	800	0	0.0125	0	0	0
150	44	64	1	1	80	2	800	0	0.0125	0	0	0
151	44	45	1	1	80	2	800	0	0.0125	0	0	0
152	45	25	1	1	80	2	800	0	0.0125	0	0	0
153	45	44	1	1	80	2	800	0	0.0125	0	0	0
154	45	65	1	1	80	2	800	0	0.0125	0	0	0
155	45	46	1	1	80	2	800	0	0.0125	0	0	0
156	46	26	1	1	80	2	800	0	0.0125	0	0	0
157	46	45	1	1	80	2	800	0	0.0125	0	0	0
158	46	66	1	1	80	2	800	0	0.0125	0	0	0
159	46	47	1	1	80	2	800	0	0.0125	0	0	0
160	47	27	1	1	80	2	800	0	0.0125	0	0	0
161	47	46	1	1	80	2	800	0	0.0125	0	0	0
162	47	67	1	1	80	2	800	0	0.0125	0	0	0
163	47	48	1	1	80	2	800	0	0.0125	0	0	0
164	48	28	1	1	80	2	800	0	0.0125	0	0	0
165	48	47	1	1	80	2	800	0	0.0125	0	0	0
166	48	68	1	1	80	2	800	0	0.0125	0	0	0
167	48	49	1	1	80	2	800	0	0.0125	0	0	0
168	49	29	1	1	80	2	800	0	0.0125	0	0	0
169	49	48	1	1	80	2	800	0	0.0125	0	0	0
170	49	69	1	1	80	2	800	0	0.0125	0	0	0
171	49	50	1	1	80	2	800	0	0.0125	0	0	0
172	50	30	1	1	80	2	800	0	0.0125	0	0	0
173	50	49	1	1	80	2	800	0	0.0125	0	0	0
174	50	70	1	1	80	2	800	0	0.0125	0	0	0
175	50	51	1	1	80	2	800	0	0.0125	0	0	0
176	51	31	1	1	80	2	800	0	0.0125	0	0	0
177	51	50	1	1	80	2	800	0	0.0125	0	0	0
178	51	71	1	1	80	2	800	0	0.0125	0	0	0
179	51	52	1	1	80	2	800	0	0.0125	0	0	0
180	52	32	1	1	80	2	800	0	0.0125	0	0	0
181	52	51	1	1	80	2	800	0	0.0125	0	0	0
182	52	72	1	1	80	2	800	0	0.0125	0	0	0
183	52	53	1	1	80	2	800	0	0.0125	0	0	0
184	53	33	1	1	80	2	800	0	0.0125	0	0	0
185	53	52	1	1	80	2	800	0	0.0125	0	0	0
186	53	73	1	1	80	2	800	0	0.0125	0	0	0
187	53	54	1	1	80	2	800	0	0.0125	0	0	0
188	54	34	1	1	80	2	800	0	0.0125	0	0	0
189	54	53	1	1	80	2	800	0	0.0125	0	0	0
190	54	74	1	1	80	2	800	0	0.0125	0	0	0
191	54	55	1	1	80	2	800	0	0.0125	0	0	0
192	55	35	1	1	80	2	800	0	0.0125	0	0	0
193	55	54	1	1	80	2	800	0	0.0125	0	0	0
194	55	75	1	1	80	2	800	0	0.0125	0	0	0
195	55	56	1	1	80	2	800	0	0.0125	0	0	0
196	56	36	1	1	80	2	800	0	0.0125	0	0	0
197	56	55	1	1	80	2	800	0	0.0125	0	0	0
198	56	76	1	1	80	2	800	0	0.0125	0	0	0
199	56	57	1	1	80	2	800	0	0.0125	0	0	0
200	57	37	1	1	80	2	800	0	0.0125	0	0	0
201	57	56	1	1	80	2	800	0	0.0125	0	0	0
202	57	77	1	1	80	2	800	0	0.0125	0	0	0
203	57	58	1	1	80	2	800	0	0.0125	0	0	0
204	58	38	1	1	80	2	800	0	0.0125	0	0	0
205	58	57	1	1	80	2	800	0	0.0125	0	0	0
206	58	78	1	1	80	2	800	0	0.0125	0	0	0
207	58	59	1	1	80	2	800	0	0.0125	0	0	0
208	59	39	1	1	80	2	800	0	0.0125	0	0	0
209	59	58	1	1	80	2	800	0	0.0125	0	0	0
210	59	79	1	1	80	2	800	0	0.0125	0	0	0
211	59	60	1	1	80	2	800	0	0.0125	0	0	0
212	60	40	1	1	80	2	800	0	0.0125	0	0	0
213	60	80	1	1	80	2	800	0	0.0125	0	0	0
214	60	59	1	1	80	2	800	0	0.0125	0	0	0
215	61	41	1	1	80	2	800	0	0.0125	0	0	0
216	61	62	1	1	80	2	800	0	0.0125	0	0	0
217	61	81	1	1	80	2	800	0	0.0125	0	0	0
218	62	42	1	1	80	2	800	0	0.0125	0	0	0
219	62	61	1	1	80	2	800	0	0.0125	0	0	0
220	62	82	1	1	80	2	800	0	0.0125	0	0	0
221	62	63	1	1	80	2	800	0	0.0125	0	0	0
222	63	43	1	1	80	2	800	0	0.0125	0	0	0
223	63	62	1	1	80	2	800	0	0.0125	0	0	0
224	63	83	1	1	80	2	800	0	0.0125	0	0	0
225	63	64	1	1	80	2	800	0	0.0125	0	0	0
226	64	44	1	1	80	2	800	0	0.0125	0	0	0
227	64	63	1	1	80	2	800	0	0.0125	0	0	0
228	64	84	1	1	80	2	800	0	0.0125	0	0	0
229	64	65	1	1	80	2	800	0	0.0125	0	0	0
230	65	45	1	1	80	2	800	0	0.0125	0	0	0
231	65	64	1	1	80	2	800	0	0.0125	0	0	0
232	65	85	1	1	80	2	800	0	0.0125	0	0	0
233	65	66	1	1	80	2	800	0	0.0125	0	0	0
234	66	46	1	1	80	2	800	0	0.0125	0	0	0
235	66	65	1	1	80	2	800	0	0.0125	0	0	0
236	66	86	1	1	80	2	800	0	0.0125	0	0	0
237	66	67	1	1	80	2	800	0	0.0125	0	0	0
238	67	47	1	1	80	2	800	0	0.0125	0	0	0
239	67	66	1	1	80	2	800	0	0.0125	0	0	0
240	67	87	1	1	80	2	800	0	0.0125	0	0	0
241	67	68	1	1	80	2	800	0	0.0125	0	0	0
242	68	48	1	1	80	2	800	0	0.0125	0	0	0
243	68	67	1	1	80	2	800	0	0.0125	0	0	0
244	68	88	1	1	80	2	800	0	0.0125	0	0	0
245	68	69	1	1	80	2	800	0	0.0125	0	0	0
246	69	49	1	1	80	2	800	0	0.0125	0	0	0
247	69	68	1	1	80	2	800	0	0.0125	0	0	0
248	69	89	1	1	80	2	800	0	0.0125	0	0	0
249	69	70	1	1	80	2	800	0	0.0125	0	0	0
250	70	50	1	1	80	2	800	0	0.0125	0	0	0
251	70	69	1	1	80	2	800	0	0.0125	0	0	0
252	70	90	1	1	80	2	800	0	0.0125	0	0	0
253	70	71	1	1	80	2	800	0	0.0125	0	0	0
254	71	51	1	1	80	2	800	0	0.0125	0	0	0
255	71	70	1	1	80	2	800	0	0.0125	0	0	0
256	71	91	1	1	80	2	800	0	0.0125	0	0	0
257	71	72	1	1	80	2	800	0	0.0125	0	0	0
258	72	52	1	1	80	2	800	0	0.0125	0	0	0
259	72	71	1	1	80	2	800	0	0.0125	0	0	0
260	72	92	1	1	80	2	800	0	0.0125	0	0	0
261	72	73	1	1	80	2	800	0	0.0125	0	0	0
262	73	53	1	1	80	2	800	0	0.0125	0	0	0
263	73	72	1	1	80	2	800	0	0.0125	0	0	0
264	73	93	1	1	80	2	800	0	0.0125	0	0	0
265	73	74	1	1	80	2	800	0	0.0125	0	0	0
266	74	54	1	1	80	2	800	0	0.0125	0	0	0
267	74	73	1	1	80	2	800	0	0.0125	0	0	0
268	74	94	1	1	80	2	800	0	0.0125	0	0	0
269	74	75	1	1	80	2	800	0	0.0125	0	0	0
270	75	55	1	1	80	2	800	0	0.0125	0	0	0
271	75	74	1	1	80	2	800	0	0.0125	0	0	0
272	75	95	1	1	80	2	800	0	0.0125	0	0	0
273	75	76	1	1	80	2	800	0	0.0125	0	0	0
274	76	56	1	1	80	2	800	0	0.0125	0	0	0
275	76	75	1	1	80	2	800	0	0.0125	0	0	0
276	76	96	1	1	80	2	800	0	0.0125	0	0	0
277	76	77	1	1	80	2	800	0	0.0125	0	0	0
278	77	57	1	1	80	2	800	0	0.0125	0	0	0
279	77	76	1	1	80	2	800	0	0.0125	0	0	0
280	77	97	1	1	80	2	800	0	0.0125	0	0	0
281	77	78	1	1	80	2	800	0	0.0125	0	0	0
282	78	58	1	1	80	2	800	0	0.0125	0	0	0
283	78	77	1	1	80	2	800	0	0.0125	0	0	0
284	78	98	1	1	80	2	800	0	0.0125	0	0	0
285	78	79	1	1	80	2	800	0	0.0125	0	0	0
286	79	59	1	1	80	2	800	0	0.0125	0	0	0
287	79	78	1	1	80	2	800	0	0.0125	0	0	0
288	79	99	1	1	80	2	800	0	0.0125	0	0	0
289	79	80	1	1	80	2	800	0	0.0125	0	0	0
290	80	60	1	1	80	2	800	0	0.0125	0	0	0
291	80	100	1	1	80	2	800	0	0.0125	0	0	0
292	80	79	1	1	80	2	800	0	0.0125	0	0	0
293	81	61	1	1	80	2	800	0	0.0125	0	0	0
294	81	82	1	1	80	2	800	0	0.0125	0	0	0
295	81	101	1	1	80	2	800	0	0.0125	0	0	0
296	82	62	1	1	80	2	800	0	0.0125	0	0	0
297	82	81	1	1	80	2	800	0	0.0125	0	0	0
298	82	102	1	1	80	2	800	0	0.0125	0	0	0
299	82	83	1	1	80	2	800	0	0.0125	0	0	0
300	83	63	1	1	80	2	800	0	0.0125	0	0	0
301	83	82	1	1	80	2	800	0	0.0125	0	0	0
302	83	103	1	1	80	2	800	0	0.0125	0	0	0
303	83	84	1	1	80	2	800	0	0.0125	0	0	0
304	84	64	1	1	80	2	800	0	0.0125	0	0	0
305	84	83	1	1	80	2	800	0	0.0125	0	0	0
306	84	104	1	1	80	2	800	0	0.0125	0	0	0
307	84	85	1	1	80	2	800	0	0.0125	0	0	0
308	85	65	1	1	80	2	800	0	0.0125	0	0	0
309	85	84	1	1	80	2	800	0	0.0125	0	0	0
310	85	105	1	1	80	2	800	0	0.0125	0	0	0
311	85	86	1	1	80	2	800	0	0.0125	0	0	0
312	86	66	1	1	80	2	800	0	0.0125	0	0	0
313	86	85	1	1	80	2	800	0	0.0125	0	0	0
314	86	106	1	1	80	2	800	0	0.0125	0	0	0
315	86	87	1	1	80	2	800	0	0.0125	0	0	0
316	87	67	1	1	80	2	800	0	0.0125	0	0	0
317	87	86	1	1	80	2	800	0	0.0125	0	0	0
318	87	107	1	1	80	2	800	0	0.0125	0	0	0
319	87	88	1	1	80	2	800	0	0.0125	0	0	0
320	88	68	1	1	80	2	800	0	0.0125	0	0	0
321	88	87	1	1	80	2	800	0	0.0125	0	0	0
322	88	108	1	1	80	2	800	0	0.0125	0	0	0
323	88	89	1	1	80	2	800	0	0.0125	0	0	0
324	89	69	1	1	80	2	800	0	0.0125	0	0	0
325	89	88	1	1	80	2	800	0	0.0125	0	0	0
326	89	109	1	1	80	2	800	0	0.0125	0	0	0
327	89	90	1	1	80	2	800	0	0.0125	0	0	0
328	90	70	1	1	80	2	800	0	0.0125	0	0	0
329	90	89	1	1	80	2	800	0	0.0125	0	0	0
330	90	110	1	1	80	2	800	0	0.0125	0	0	0
331	90	91	1	1	80	2	800	0	0.0125	0	0	0
332	91	71	1	1	80	2	800	0	0.0125	0	0	0
333	91	90	1	1	80	2	800	0	0.0125	0	0	0
334	91	111	1	1	80	2	800	0	0.0125	0	0	0
335	91	92	1	1	80	2	800	0	0.0125	0	0	0
336	92	72	1	1	80	2	800	0	0.0125	0	0	0
337	92	91	1	1	80	2	800	0	0.0125	0	0	0
338	92	112	1	1	80	2	800	0	0.0125	0	0	0
339	92	93	1	1	80	2	800	0	0.0125	0	0	0
340	93	73	1	1	80	2	800	0	0.0125	0	0	0
341	93	92	1	1	80	2	800	0	0.0125	0	0	0
342	93	113	1	1	80	2	800	0	0.0125	0	0	0
343	93	94	1	1	80	2	800	0	0.0125	0	0	0
344	94	74	1	1	80	2	800	0	0.0125	0	0	0
345	94	93	1	1	80	2	800	0	0.0125	0	0	0
346	94	114	1	1	80	2	800	0	0.0125	0	0	0
347	94	95	1	1	80	2	800	0	0.0125	0	0	0
348	95	75	1	1	80	2	800	0	0.0125	0	0	0
349	95	94	1	1	80	2	800	0	0.0125	0	0	0
350	95	115	1	1	80	2	800	0	0.0125	0	0	0
351	95	96	1	1	80	2	800	0	0.0125	0	0	0
352	96	76	1	1	80	2	800	0	0.0125	0	0	0
353	96	95	1	1	80	2	800	0	0.0125	0	0	0
354	96	116	1	1	80	2	800	0	0.0125	0	0	0
355	96	97	1	1	80	2	800	0	0.0125	0	0	0
356	97	77	1	1	80	2	800	0	0.0125	0	0	0
357	97	96	1	1	80	2	800	0	0.0125	0	0	0
358	97	117	1	1	80	2	800	0	0.0125	0	0	0
359	97	98	1	1	80	2	800	0	0.0125	0	0	0
360	98	78	1	1	80	2	800	0	0.0125	0	0	0
361	98	97	1	1	80	2	800	0	0.0125	0	0	0
362	98	118	1	1	80	2	800	0	0.0125	0	0	0
363	98	99	1	1	80	2	800	0	0.0125	0	0	0
364	99	79	1	1	80	2	800	0	0.0125	0	0	0
365	99	98	1	1	80	2	800	0	0.0125	0	0	0
366	99	119	1	1	80	2	800	0	0.0125	0	0	0
367	99	100	1	1	80	2	800	0	0.0125	0	0	0
368	100	80	1	1	80	2	800	0	0.0125	0	0	0
369	100	120	1	1	80	2	800	0	0.0125	0	0	0
370	100	99	1	1	80	2	800	0	0.0125	0	0	0
371	101	81	1	1	80	2	800	0	0.0125	0	0	0
372	101	102	1	1	80	2	800	0	0.0125	0	0	0
373	101	121	1	1	80	2	800	0	0.0125	0	0	0
374	102	82	1	1	80	2	800	0	0.0125	0	0	0
375	102	101	1	1	80	2	800	0	0.0125	0	0	0
376	102	122	1	1	80	2	800	0	0.0125	0	0	0
377	102	103	1	1	80	2	800	0	0.0125	0	0	0
378	103	83	1	1	80	2	800	0	0.0125	0	0	0
379	103	102	1	1	80	2	800	0	0.0125	0	0	0
380	103	123	1	1	80	2	800	0	0.0125	0	0	0
381	103	104	1	1	80	2	800	0	0.0125	0	0	0
382	104	84	1	1	80	2	800	0	0.0125	0	0	0
383	104	103	1	1	80	2	800	0	0.0125	0	0	0
384	104	124	1	1	80	2	800	0	0.0125	0	0	0
385	104	105	1	1	80	2	800	0	0.0125	0	0	0
386	105	85	1	1	80	2	800	0	0.0125	0	0	0
387	105	104	1	1	80	2	800	0	0.0125	0	0	0
388	105	125	1	1	80	2	800	0	0.0125	0	0	0
389	105	106	1	1	80	2	800	0	0.0125	0	0	0
390	106	86	1	1	80	2	800	0	0.0125	0	0	0
391	106	105	1	1	80	2	800	0	0.0125	0	0	0
392	106	126	1	1	80	2	800	0	0.0125	0	0	0
393	106	107	1	1	80	2	800	0	0.0125	0	0	0
394	107	87	1	1	80	2	800	0	0.0125	0	0	0
395	107	106	1	1	80	2	800	0	0.0125	0	0	0
396	107	127	1	1	80	2	800	0	0.0125	0	0	0
397	107	108	1	1	80	2	800	0	0.0125	0	0	0
398	108	88	1	1	80	2	800	0	0.0125	0	0	0
399	108	107	1	1	80	2	800	0	0.0125	0	0	0
400	108	128	1	1	80	2	800	0	0.0125	0	0	0
401	108	109	1	1	80	2	800	0	0.0125	0	0	0
402	109	89	1	1	80	2	800	0	0.0125	0	0	0
403	109	108	1	1	80	2	800	0	0.0125	0	0	0
404	109	129	1	1	80	2	800	0	0.0125	0	0	0
405	109	110	1	1	80	2	800	0	0.0125	0	0	0
406	110	90	1	1	80	2	800	0	0.0125	0	0	0
407	110	109	1	1	80	2	800	0	0.0125	0	0	0
408	110	130	1	1	80	2	800	0	0.0125	0	0	0
409	110	111	1	1	80	2	800	0	0.0125	0	0	0
410	111	91	1	1	80	2	800	0	0.0125	0	0	0
411	111	110	1	1	80	2	800	0	0.0125	0	0	0
412	111	131	1	1	80	2	800	0	0.0125	0	0	0
413	111	112	1	1	80	2	800	0	0.0125	0	0	0
414	112	92	1	1	80	2	800	0	0.0125	0	0	0
415	112	111	1	1	80	2	800	0	0.0125	0	0	0
416	112	132	1	1	80	2	800	0	0.0125	0	0	0
417	112	113	1	1	80	2	800	0	0.0125	0	0	0
418	113	93	1	1	80	2	800	0	0.0125	0	0	0
419	113	112	1	1	80	2	800	0	0.0125	0	0	0
420	113	133	1	1	80	2	800	0	0.0125	0	0	0
421	113	114	1	1	80	2	800	0	0.0125	0	0	0
422	114	94	1	1	80	2	800	0	0.0125	0	0	0
423	114	113	1	1	80	2	800	0	0.0125	0	0	0
424	114	134	1	1	80	2	800	0	0.0125	0	0	0
425	114	115	1	1	80	2	800	0	0.0125	0	0	0
426	115	95	1	1	80	2	800	0	0.0125	0	0	0
427	115	114	1	1	80	2	800	0	0.0125	0	0	0
428	115	135	1	1	80	2	800	0	0.0125	0	0	0
429	115	116	1	1	80	2	800	0	0.0125	0	0	0
430	116	96	1	1	80	2	800	0	0.0125	0	0	0
431	116	115	1	1	80	2	800	0	0.0125	0	0	0
432	116	136	1	1	80	2	800	0	0.0125	0	0	0
433	116	117	1	1	80	2	800	0	0.0125	0	0	0
434	117	97	1	1	80	2	800	0	0.0125	0	0	0
435	117	116	1	1	80	2	800	0	0.0125	0	0	0
436	117	137	1	1	80	2	800	0	0.0125	0	0	0
437	117	118	1	1	80	2	800	0	0.0125	0	0	0
438	118	98	1	1	80	2	800	0	0.0125	0	0	0
439	118	117	1	1	80	2	800	0	0.0125	0	0	0
440	118	138	1	1	80	2	800	0	0.0125	0	0	0
441	118	119	1	1	80	2	800	0	0.0125	0	0	0
442	119	99	1	1	80	2	800	0	0.0125	0	0	0
443	119	118	1	1	80	2	800	0	0.0125	0	0	0
444	119	139	1	1	80	2	800	0	0.0125	0	0	0
445	119	120	1	1	80	2	800	0	0.0125	0	0	0
446	120	100	1	1	80	2	800	0	0.0125	0	0	0
447	120	140	1	1	80	2	800	0	0.0125	0	0	0
448	120	119	1	1	80	2	800	0	0.0125	0	0	0
449	121	101	1	1	80	2	800	0	0.0125	0	0	0
450	121	122	1	1	80	2	800	0	0.0125	0	0	0
451	121	141	1	1	80	2	800	0	0.0125	0	0	0
452	122	102	1	1	80	2	800	0	0.0125	0	0	0
453	122	121	1	1	80	2	800	0	0.0125	0	0	0
454	122	142	1	1	80	2	800	0	0.0125	0	0	0
455	122	123	1	1	80	2	800	0	0.0125	0	0	0
456	123	103	1	1	80	2	800	0	0.0125	0	0	0
457	123	122	1	1	80	2	800	0	0.0125	0	0	0
458	123	143	1	1	80	2	800	0	0.0125	0	0	0
459	123	124	1	1	80	2	800	0	0.0125	0	0	0
460	124	104	1	1	80	2	800	0	0.0125	0	0	0
461	124	123	1	1	80	2	800	0	0.0125	0	0	0
462	124	144	1	1	80	2	800	0	0.0125	0	0	0
463	124	125	1	1	80	2	800	0	0.0125	0	0	0
464	125	105	1	1	80	2	800	0	0.0125	0	0	0
465	125	124	1	1	80	2	800	0	0.0125	0	0	0
466	125	145	1	1	80	2	800	0	0.0125	0	0	0
467	125	126	1	1	80	2	800	0	0.0125	0	0	0
468	126	106	1	1	80	2	800	0	0.0125	0	0	0
469	126	125	1	1	80	2	800	0	0.0125	0	0	0
470	126	146	1	1	80	2	800	0	0.0125	0	0	0
471	126	127	1	1	80	2	800	0	0.0125	0	0	0
472	127	107	1	1	80	2	800	0	0.0125	0	0	0
473	127	126	1	1	80	2	800	0	0.0125	0	0	0
474	127	147	1	1	80	2	800	0	0.0125	0	0	0
475	127	128	1	1	80	2	800	0	0.0125	0	0	0
476	128	108	1	1	80	2	800	0	0.0125	0	0	0
477	128	127	1	1	80	2	800	0	0.0125	0	0	0
478	128	148	1	1	80	2	800	0	0.0125	0	0	0
479	128	129	1	1	80	2	800	0	0.0125	0	0	0
480	129	109	1	1	80	2	800	0	0.0125	0	0	0
481	129	128	1	1	80	2	800	0	0.0125	0	0	0
482	129	149	1	1	80	2	800	0	0.0125	0	0	0
483	129	130	1	1	80	2	800	0	0.0125	0	0	0
484	130	110	1	1	80	2	800	0	0.0125	0	0	0
485	130	129	1	1	80	2	800	0	0.0125	0	0	0
486	130	150	1	1	80	2	800	0	0.0125	0	0	0
487	130	131	1	1	80	2	800	0	0.0125	0	0	0
488	131	111	1	1	80	2	800	0	0.0125	0	0	0
489	131	130	1	1	80	2	800	0	0.0125	0	0	0
490	131	151	1	1	80	2	800	0	0.0125	0	0	0
491	131	132	1	1	80	2	800	0	0.0125	0	0	0
492	132	112	1	1	80	2	800	0	0.0125	0	0	0
493	132	131	1	1	80	2	800	0	0.0125	0	0	0
494	132	152	1	1	80	2	800	0	0.0125	0	0	0
495	132	133	1	1	80	2	800	0	0.0125	0	0	0
496	133	113	1	1	80	2	800	0	0.0125	0	0	0
497	133	132	1	1	80	2	800	0	0.0125	0	0	0
498	133	153	1	1	80	2	800	0	0.0125	0	0	0
499	133	134	1	1	80	2	800	0	0.0125	0	0	0
500	134	114	1	1	80	2	800	0	0.0125	0	0	0
501	134	133	1	1	80	2	800	0	0.0125	0	0	0
502	134	154	1	1	80	2	800	0	0.0125	0	0	0
503	134	135	1	1	80	2	800	0	0.0125	0	0	0
504	135	115	1	1	80	2	800	0	0.0125	0	0	0
505	135	134	1	1	80	2	800	0	0.0125	0	0	0
506	135	155	1	1	80	2	800	0	0.0125	0	0	0
507	135	136	1	1	80	2	800	0	0.0125	0	0	0
508	136	116	1	1	80	2	800	0	0.0125	0	0	0
509	136	135	1	1	80	2	800	0	0.0125	0	0	0
510	136	156	1	1	80	2	800	0	0.0125	0	0	0
511	136	137	1	1	80	2	800	0	0.0125	0	0	0
512	137	117	1	1	80	2	800	0	0.0125	0	0	0
513	137	136	1	1	80	2	800	0	0.0125	0	0	0
514	137	157	1	1	80	2	800	0	0.0125	0	0	0
515	137	138	1	1	80	2	800	0	0.0125	0	0	0
516	138	118	1	1	80	2	800	0	0.0125	0	0	0
517	138	137	1	1	80	2	800	0	0.0125	0	0	0
518	138	158	1	1	80	2	800	0	0.0125	0	0	0
519	138	139	1	1	80	2	800	0	0.0125	0	0	0
520	139	119	1	1	80	2	800	0	0.0125	0	0	0
521	139	138	1	1	80	2	800	0	0.0125	0	0	0
522	139	159	1	1	80	2	800	0	0.0125	0	0	0
523	139	140	1	1	80	2	800	0	0.0125	0	0	0
524	140	120	1	1	80	2	800	0	0.0125	0	0	0
525	140	160	1	1	80	2	800	0	0.0125	0	0	0
526	140	139	1	1	80	2	800	0	0.0125	0	0	0
527	141	121	1	1	80	2	800	0	0.0125	0	0	0
528	141	142	1	1	80	2	800	0	0.0125	0	0	0
529	141	161	1	1	80	2	800	0	0.0125	0	0	0
530	142	122	1	1	80	2	800	0	0.0125	0	0	0
531	142	141	1	1	80	2	800	0	0.0125	0	0	0
532	142	162	1	1	80	2	800	0	0.0125	0	0	0
533	142	143	1	1	80	2	800	0	0.0125	0	0	0
534	143	123	1	1	80	2	800	0	0.0125	0	0	0
535	143	142	1	1	80	2	800	0	0.0125	0	0	0
536	143	163	1	1	80	2	800	0	0.0125	0	0	0
537	143	144	1	1	80	2	800	0	0.0125	0	0	0
538	144	124	1	1	80	2	800	0	0.0125	0	0	0
539	144	143	1	1	80	2	800	0	0.0125	0	0	0
540	144	164	1	1	80	2	800	0	0.0125	0	0	0
541	144	145	1	1	80	2	800	0	0.0125	0	0	0
542	145	125	1	1	80	2	800	0	0.0125	0	0	0
543	145	144	1	1	80	2	800	0	0.0125	0	0	0
544	145	165	1	1	80	2	800	0	0.0125	0	0	0
545	145	146	1	1	80	2	800	0	0.0125	0	0	0
546	146	126	1	1	80	2	800	0	0.0125	0	0	0
547	146	145	1	1	80	2	800	0	0.0125	0	0	0
548	146	166	1	1	80	2	800	0	0.0125	0	0	0
549	146	147	1	1	80	2	800	0	0.0125	0	0	0
550	147	127	1	1	80	2	800	0	0.0125	0	0	0
551	147	146	1	1	80	2	800	0	0.0125	0	0	0
552	147	167	1	1	80	2	800	0	0.0125	0	0	0
553	147	148	1	1	80	2	800	0	0.0125	0	0	0
554	148	128	1	1	80	2	800	0	0.0125	0	0	0
555	148	147	1	1	80	2	800	0	0.0125	0	0	0
556	148	168	1	1	80	2	800	0	0.0125	0	0	0
557	148	149	1	1	80	2	800	0	0.0125	0	0	0
558	149	129	1	1	80	2	800	0	0.0125	0	0	0
559	149	148	1	1	80	2	800	0	0.0125	0	0	0
560	149	169	1	1	80	2	800	0	0.0125	0	0	0
561	149	150	1	1	80	2	800	0	0.0125	0	0	0
562	150	130	1	1	80	2	800	0	0.0125	0	0	0
563	150	149	1	1	80	2	800	0	0.0125	0	0	0
564	150	170	1	1	80	2	800	0	0.0125	0	0	0
565	150	151	1	1	80	2	800	0	0.0125	0	0	0
566	151	131	1	1	80	2	800	0	0.0125	0	0	0
567	151	150	1	1	80	2	800	0	0.0125	0	0	0
568	151	171	1	1	80	2	800	0	0.0125	0	0	0
569	151	152	1	1	80	2	800	0	0.0125	0	0	0
570	152	132	1	1	80	2	800	0	0.0125	0	0	0
571	152	151	1	1	80	2	800	0	0.0125	0	0	0
572	152	172	1	1	80	2	800	0	0.0125	0	0	0
573	152	153	1	1	80	2	800	0	0.0125	0	0	0
574	153	133	1	1	80	2	800	0	0.0125	0	0	0
575	153	152	1	1	80	2	800	0	0.0125	0	0	0
576	153	173	1	1	80	2	800	0	0.0125	0	0	0
577	153	154	1	1	80	2	800	0	0.0125	0	0	0
578	154	134	1	1	80	2	800	0	0.0125	0	0	0
579	154	153	1	1	80	2	800	0	0.0125	0	0	0
580	154	174	1	1	80	2	800	0	0.0125	0	0	0
581	154	155	1	1	80	2	800	0	0.0125	0	0	0
582	155	135	1	1	80	2	800	0	0.0125	0	0	0
583	155	154	1	1	80	2	800	0	0.0125	0	0	0
584	155	175	1	1	80	2	800	0	0.0125	0	0	0
585	155	156	1	1	80	2	800	0	0.0125	0	0	0
586	156	136	1	1	80	2	800	0	0.0125	0	0	0
587	156	155	1	1	80	2	800	0	0.0125	0	0	0
588	156	176	1	1	80	2	800	0	0.0125	0	0	0
589	156	157	1	1	80	2	800	0	0.0125	0	0	0
590	157	137	1	1	80	2	800	0	0.0125	0	0	0
591	157	156	1	1	80	2	800	0	0.0125	0	0	0
592	157	177	1	1	80	2	800	0	0.0125	0	0	0
593	157	158	1	1	80	2	800	0	0.0125	0	0	0
594	158	138	1	1	80	2	800	0	0.0125	0	0	0
595	158	157	1	1	80	2	800	0	0.0125	0	0	0
596	158	178	1	1	80	2	800	0	0.0125	0	0	0
597	158	159	1	1	80	2	800	0	0.0125	0	0	0
598	159	139	1	1	80	2	800	0	0.0125	0	0	0
599	159	158	1	1	80	2	800	0	0.0125	0	0	0
600	159	179	1	1	80	2	800	0	0.0125	0	0	0
601	159	160	1	1	80	2	800	0	0.0125	0	0	0
602	160	140	1	1	80	2	800	0	0.0125	0	0	0
603	160	180	1	1	80	2	800	0	0.0125	0	0	0
604	160	159	1	1	80	2	800	0	0.0125	0	0	0
605	161	141	1	1	80	2	800	0	0.0125	0	0	0
606	161	162	1	1	80	2	800	0	0.0125	0	0	0
607	161	181	1	1	80	2	800	0	0.0125	0	0	0
608	162	142	1	1	80	2	800	0	0.0125	0	0	0
609	162	161	1	1	80	2	800	0	0.0125	0	0	0
610	162	182	1	1	80	2	800	0	0.0125	0	0	0
611	162	163	1	1	80	2	800	0	0.0125	0	0	0
612	163	143	1	1	80	2	800	0	0.0125	0	0	0
613	163	162	1	1	80	2	800	0	0.0125	0	0	0
614	163	183	1	1	80	2	800	0	0.0125	0	0	0
615	163	164	1	1	80	2	800	0	0.0125	0	0	0
616	164	144	1	1	80	2	800	0	0.0125	0	0	0
617	164	163	1	1	80	2	800	0	0.0125	0	0	0
618	164	184	1	1	80	2	800	0	0.0125	0	0	0
619	164	165	1	1	80	2	800	0	0.0125	0	0	0
620	165	145	1	1	80	2	800	0	0.0125	0	0	0
621	165	164	1	1	80	2	800	0	0.0125	0	0	0
622	165	185	1	1	80	2	800	0	0.0125	0	0	0
623	165	166	1	1	80	2	800	0	0.0125	0	0	0
624	166	146	1	1	80	2	800	0	0.0125	0	0	0
625	166	165	1	1	80	2	800	0	0.0125	0	0	0
626	166	186	1	1	80	2	800	0	0.0125	0	0	0
627	166	167	1	1	80	2	800	0	0.0125	0	0	0
628	167	147	1	1	80	2	800	0	0.0125	0	0	0
629	167	166	1	1	80	2	800	0	0.0125	0	0	0
630	167	187	1	1	80	2	800	0	0.0125	0	0	0
631	167	168	1	1	80	2	800	0	0.0125	0	0	0
632	168	148	1	1	80	2	800	0	0.0125	0	0	0
633	168	167	1	1	80	2	800	0	0.0125	0	0	0
634	168	188	1	1	80	2	800	0	0.0125	0	0	0
635	168	169	1	1	80	2	800	0	0.0125	0	0	0
636	169	149	1	1	80	2	800	0	0.0125	0	0	0
637	169	168	1	1	80	2	800	0	0.0125	0	0	0
638	169	189	1	1	80	2	800	0	0.0125	0	0	0
639	169	170	1	1	80	2	800	0	0.0125	0	0	0
640	170	150	1	1	80	2	800	0	0.0125	0	0	0
641	170	169	1	1	80	2	800	0	0.0125	0	0	0
642	170	190	1	1	80	2	800	0	0.0125	0	0	0
643	170	171	1	1	80	2	800	0	0.0125	0	0	0
644	171	151	1	1	80	2	800	0	0.0125	0	0	0
645	171	170	1	1	80	2	800	0	0.0125	0	0	0
646	171	191	1	1	80	2	800	0	0.0125	0	0	0
647	171	172	1	1	80	2	800	0	0.0125	0	0	0
648	172	152	1	1	80	2	800	0	0.0125	0	0	0
649	172	171	1	1	80	2	800	0	0.0125	0	0	0
650	172	192	1	1	80	2	800	0	0.0125	0	0	0
651	172	173	1	1	80	2	800	0	0.0125	0	0	0
652	173	153	1	1	80	2	800	0	0.0125	0	0	0
653	173	172	1	1	80	2	800	0	0.0125	0	0	0
654	173	193	1	1	80	2	800	0	0.0125	0	0	0
655	173	174	1	1	80	2	800	0	0.0125	0	0	0
656	174	154	1	1	80	2	800	0	0.0125	0	0	0
657	174	173	1	1	80	2	800	0	0.0125	0	0	0
658	174	194	1	1	80	2	800	0	0.0125	0	0	0
659	174	175	1	1	80	2	800	0	0.0125	0	0	0
660	175	155	1	1	80	2	800	0	0.0125	0	0	0
661	175	174	1	1	80	2	800	0	0.0125	0	0	0
662	175	195	1	1	80	2	800	0	0.0125	0	0	0
663	175	176	1	1	80	2	800	0	0.0125	0	0	0
664	176	156	1	1	80	2	800	0	0.0125	0	0	0
665	176	175	1	1	80	2	800	0	0.0125	0	0	0
666	176	196	1	1	80	2	800	0	0.0125	0	0	0
667	176	177	1	1	80	2	800	0	0.0125	0	0	0
668	177	157	1	1	80	2	800	0	0.0125	0	0	0
669	177	176	1	1	80	2	800	0	0.0125	0	0	0
670	177	197	1	1	80	2	800	0	0.0125	0	0	0
671	177	178	1	1	80	2	800	0	0.0125	0	0	0
672	178	158	1	1	80	2	800	0	0.0125	0	0	0
673	178	177	1	1	80	2	800	0	0.0125	0	0	0
674	178	198	1	1	80	2	800	0	0.0125	0	0	0
675	178	179	1	1	80	2	800	0	0.0125	0	0	0
676	179	159	1	1	80	2	800	0	0.0125	0	0	0
677	179	178	1	1	80	2	800	0	0.0125	0	0	0
678	179	199	1	1	80	2	800	0	0.0125	0	0	0
679	179	180	1	1	80	2	800	0	0.0125	0	0	0
680	180	160	1	1	80	2	800	0	0.0125	0	0	0
681	180	200	1	1	80	2	800	0	0.0125	0	0	0
682	180	179	1	1	80	2	800	0	0.0125	0	0	0
683	181	161	1	1	80	2	800	0	0.0125	0	0	0
684	181	182	1	1	80	2	800	0	0.0125	0	0	0
685	181	201	1	1	80	2	800	0	0.0125	0	0	0
686	182	162	1	1	80	2	800	0	0.0125	0	0	0
687	182	181	1	1	80	2	800	0	0.0125	0	0	0
688	182	202	1	1	80	2	800	0	0.0125	0	0	0
689	182	183	1	1	80	2	800	0	0.0125	0	0	0
690	183	163	1	1	80	2	800	0	0.0125	0	0	0
691	183	182	1	1	80	2	800	0	0.0125	0	0	0
692	183	203	1	1	80	2	800	0	0.0125	0	0	0
693	183	184	1	1	80	2	800	0	0.0125	0	0	0
694	184	164	1	1	80	2	800	0	0.0125	0	0	0
695	184	183	1	1	80	2	800	0	0.0125	0	0	0
696	184	204	1	1	80	2	800	0	0.0125	0	0	0
697	184	185	1	1	80	2	800	0	0.0125	0	0	0
698	185	165	1	1	80	2	800	0	0.0125	0	0	0
699	185	184	1	1	80	2	800	0	0.0125	0	0	0
700	185	205	1	1	80	2	800	0	0.0125	0	0	0
701	185	186	1	1	80	2	800	0	0.0125	0	0	0
702	186	166	1	1	80	2	800	0	0.0125	0	0	0
703	186	185	1	1	80	2	800	0	0.0125	0	0	0
704	186	206	1	1	80	2	800	0	0.0125	0	0	0
705	186	187	1	1	80	2	800	0	0.0125	0	0	0
706	187	167	1	1	80	2	800	0	0.0125	0	0	0
707	187	186	1	1	80	2	800	0	0.0125	0	0	0
708	187	207	1	1	80	2	800	0	0.0125	0	0	0
709	187	188	1	1	80	2	800	0	0.0125	0	0	0
710	188	168	1	1	80	2	800	0	0.0125	0	0	0
711	188	187	1	1	80	2	800	0	0.0125	0	0	0
712	188	208	1	1	80	2	800	0	0.0125	0	0	0
713	188	189	1	1	80	2	800	0	0.0125	0	0	0
714	189	169	1	1	80	2	800	0	0.0125	0	0	0
715	189	188	1	1	80	2	800	0	0.0125	0	0	0
716	189	209	1	1	80	2	800	0	0.0125	0	0	0
717	189	190	1	1	80	2	800	0	0.0125	0	0	0
718	190	170	1	1	80	2	800	0	0.0125	0	0	0
719	190	189	1	1	80	2	800	0	0.0125	0	0	0
720	190	210	1	1	80	2	800	0	0.0125	0	0	0
721	190	191	1	1	80	2	800	0	0.0125	0	0	0
722	191	171	1	1	80	2	800	0	0.0125	0	0	0
723	191	190	1	1	80	2	800	0	0.0125	0	0	0
724	191	211	1	1	80	2	800	0	0.0125	0	0	0
725	191	192	1	1	80	2	800	0	0.0125	0	0	0
726	192	172	1	1	80	2	800	0	0.0125	0	0	0
727	192	191	1	1	80	2	800	0	0.0125	0	0	0
728	192	212	1	1	80	2	800	0	0.0125	0	0	0
729	192	193	1	1	80	2	800	0	0.0125	0	0	0
730	193	173	1	1	80	2	800	0	0.0125	0	0	0
731	193	192	1	1	80	2	800	0	0.0125	0	0	0
732	193	213	1	1	80	2	800	0	0.0125	0	0	0
733	193	194	1	1	80	2	800	0	0.0125	0	0	0
734	194	174	1	1	80	2	800	0	0.0125	0	0	0
735	194	193	1	1	80	2	800	0	0.0125	0	0	0
736	194	214	1	1	80	2	800	0	0.0125	0	0	0
737	194	195	1	1	80	2	800	0	0.0125	0	0	0
738	195	175	1	1	80	2	800	0	0.0125	0	0	0
739	195	194	1	1	80	2	800	0	0.0125	0	0	0
740	195	215	1	1	80	2	800	0	0.0125	0	0	0
741	195	196	1	1	80	2	800	0	0.0125	0	0	0
742	196	176	1	1	80	2	800	0	0.0125	0	0	0
743	196	195	1	1	80	2	800	0	0.0125	0	0	0
744	196	216	1	1	80	2	800	0	0.0125	0	0	0
745	196	197	1	1	80	2	800	0	0.0125	0	0	0
746	197	177	1	1	80	2	800	0	0.0125	0	0	0
747	197	196	1	1	80	2	800	0	0.0125	0	0	0
748	197	217	1	1	80	2	800	0	0.0125	0	0	0
749	197	198	1	1	80	2	800	0	0.0125	0	0	0
750	198	178	1	1	80	2	800	0	0.0125	0	0	0
751	198	197	1	1	80	2	800	0	0.0125	0	0	0
752	198	218	1	1	80	2	800	0	0.0125	0	0	0
753	198	199	1	1	80	2	800	0	0.0125	0	0	0
754	199	179	1	1	80	2	800	0	0.0125	0	0	0
755	199	198	1	1	80	2	800	0	0.0125	0	0	0
756	199	219	1	1	80	2	800	0	0.0125	0	0	0
757	199	200	1	1	80	2	800	0	0.0125	0	0	0
758	200	180	1	1	80	2	800	0	0.0125	0	0	0
759	200	220	1	1	80	2	800	0	0.0125	0	0	0
760	200	199	1	1	80	2	800	0	0.0125	0	0	0
761	201	181	1	1	80	2	800	0	0.0125	0	0	0
762	201	202	1	1	80	2	800	0	0.0125	0	0	0
763	201	221	1	1	80	2	800	0	0.0125	0	0	0
764	202	182	1	1	80	2	800	0	0.0125	0	0	0
765	202	201	1	1	80	2	800	0	0.0125	0	0	0
766	202	222	1	1	80	2	800	0	0.0125	0	0	0
767	202	203	1	1	80	2	800	0	0.0125	0	0	0
768	203	183	1	1	80	2	800	0	0.0125	0	0	0
769	203	202	1	1	80	2	800	0	0.0125	0	0	0
770	203	223	1	1	80	2	800	0	0.0125	0	0	0
771	203	204	1	1	80	2	800	0	0.0125	0	0	0
772	204	184	1	1	80	2	800	0	0.0125	0	0	0
773	204	203	1	1	80	2	800	0	0.0125	0	0	0
774	204	224	1	1	80	2	800	0	0.0125	0	0	0
775	204	205	1	1	80	2	800	0	0.0125	0	0	0
776	205	185	1	1	80	2	800	0	0.0125	0	0	0
777	205	204	1	1	80	2	800	0	0.0125	0	0	0
778	205	225	1	1	80	2	800	0	0.0125	0	0	0
779	205	206	1	1	80	2	800	0	0.0125	0	0	0
780	206	186	1	1	80	2	800	0	0.0125	0	0	0
781	206	205	1	1	80	2	800	0	0.0125	0	0	0
782	206	226	1	1	80	2	800	0	0.0125	0	0	0
783	206	207	1	1	80	2	800	0	0.0125	0	0	0
784	207	187	1	1	80	2	800	0	0.0125	0	0	0
785	207	206	1	1	80	2	800	0	0.0125	0	0	0
786	207	227	1	1	80	2	800	0	0.0125	0	0	0
787	207	208	1	1	80	2	800	0	0.0125	0	0	0
788	208	188	1	1	80	2	800	0	0.0125	0	0	0
789	208	207	1	1	80	2	800	0	0.0125	0	0	0
790	208	228	1	1	80	2	800	0	0.0125	0	0	0
791	208	209	1	1	80	2	800	0	0.0125	0	0	0
792	209	189	1	1	80	2	800	0	0.0125	0	0	0
793	209	208	1	1	80	2	800	0	0.0125	0	0	0
794	209	229	1	1	80	2	800	0	0.0125	0	0	0
795	209	210	1	1	80	2	800	0	0.0125	0	0	0
796	210	190	1	1	80	2	800	0	0.0125	0	0	0
797	210	209	1	1	80	2	800	0	0.0125	0	0	0
798	210	230	1	1	80	2	800	0	0.0125	0	0	0
799	210	211	1	1	80	2	800	0	0.0125	0	0	0
800	211	191	1	1	80	2	800	0	0.0125	0	0	0
801	211	210	1	1	80	2	800	0	0.0125	0	0	0
802	211	231	1	1	80	2	800	0	0.0125	0	0	0
803	211	212	1	1	80	2	800	0	0.0125	0	0	0
804	212	192	1	1	80	2	800	0	0.0125	0	0	0
805	212	211	1	1	80	2	800	0	0.0125	0	0	0
806	212	232	1	1	80	2	800	0	0.0125	0	0	0
807	212	213	1	1	80	2	800	0	0.0125	0	0	0
808	213	193	1	1	80	2	800	0	0.0125	0	0	0
809	213	212	1	1	80	2	800	0	0.0125	0	0	0
810	213	233	1	1	80	2	800	0	0.0125	0	0	0
811	213	214	1	1	80	2	800	0	0.0125	0	0	0
812	214	194	1	1	80	2	800	0	0.0125	0	0	0
813	214	213	1	1	80	2	800	0	0.0125	0	0	0
814	214	234	1	1	80	2	800	0	0.0125	0	0	0
815	214	215	1	1	80	2	800	0	0.0125	0	0	0
816	215	195	1	1	80	2	800	0	0.0125	0	0	0
817	215	214	1	1	80	2	800	0	0.0125	0	0	0
818	215	235	1	1	80	2	800	0	0.0125	0	0	0
819	215	216	1	1	80	2	800	0	0.0125	0	0	0
820	216	196	1	1	80	2	800	0	0.0125	0	0	0
821	216	215	1	1	80	2	800	0	0.0125	0	0	0
822	216	236	1	1	80	2	800	0	0.0125	0	0	0
823	216	217	1	1	80	2	800	0	0.0125	0	0	0
824	217	197	1	1	80	2	800	0	0.0125	0	0	0
825	217	216	1	1	80	2	800	0	0.0125	0	0	0
826	217	237	1	1	80	2	800	0	0.0125	0	0	0
827	217	218	1	1	80	2	800	0	0.0125	0	0	0
828	218	198	1	1	80	2	800	0	0.0125	0	0	0
829	218	217	1	1	80	2	800	0	0.0125	0	0	0
830	218	238	1	1	80	2	800	0	0.0125	0	0	0
831	218	219	1	1	80	2	800	0	0.0125	0	0	0
832	219	199	1	1	80	2	800	0	0.0125	0	0	0
833	219	218	1	1	80	2	800	0	0.0125	0	0	0
834	219	239	1	1	80	2	800	0	0.0125	0	0	0
835	219	220	1	1	80	2	800	0	0.0125	0	0	0
836	220	200	1	1	80	2	800	0	0.0125	0	0	0
837	220	240	1	1	80	2	800	0	0.0125	0	0	0
838	220	219	1	1	80	2	800	0	0.0125	0	0	0
839	221	201	1	1	80	2	800	0	0.0125	0	0	0
840	221	222	1	1	80	2	800	0	0.0125	0	0	0
841	221	241	1	1	80	2	800	0	0.0125	0	0	0
842	222	202	1	1	80	2	800	0	0.0125	0	0	0
843	222	221	1	1	80	2	800	0	0.0125	0	0	0
844	222	242	1	1	80	2	800	0	0.0125	0	0	0
845	222	223	1	1	80	2	800	0	0.0125	0	0	0
846	223	203	1	1	80	2	800	0	0.0125	0	0	0
847	223	222	1	1	80	2	800	0	0.0125	0	0	0
848	223	243	1	1	80	2	800	0	0.0125	0	0	0
849	223	224	1	1	80	2	800	0	0.0125	0	0	0
850	224	204	1	1	80	2	800	0	0.0125	0	0	0
851	224	223	1	1	80	2	800	0	0.0125	0	0	0
852	224	244	1	1	80	2	800	0	0.0125	0	0	0
853	224	225	1	1	80	2	800	0	0.0125	0	0	0
854	225	205	1	1	80	2	800	0	0.0125	0	0	0
855	225	224	1	1	80	2	800	0	0.0125	0	0	0
856	225	245	1	1	80	2	800	0	0.0125	0	0	0
857	225	226	1	1	80	2	800	0	0.0125	0	0	0
858	226	206	1	1	80	2	800	0	0.0125	0	0	0
859	226	225	1	1	80	2	800	0	0.0125	0	0	0
860	226	246	1	1	80	2	800	0	0.0125	0	0	0
861	226	227	1	1	80	2	800	0	0.0125	0	0	0
862	227	207	1	1	80	2	800	0	0.0125	0	0	0
863	227	226	1	1	80	2	800	0	0.0125	0	0	0
864	227	247	1	1	80	2	800	0	0.0125	0	0	0
865	227	228	1	1	80	2	800	0	0.0125	0	0	0
866	228	208	1	1	80	2	800	0	0.0125	0	0	0
867	228	227	1	1	80	2	800	0	0.0125	0	0	0
868	228	248	1	1	80	2	800	0	0.0125	0	0	0
869	228	229	1	1	80	2	800	0	0.0125	0	0	0
870	229	209	1	1	80	2	800	0	0.0125	0	0	0
871	229	228	1	1	80	2	800	0	0.0125	0	0	0
872	229	249	1	1	80	2	800	0	0.0125	0	0	0
873	229	230	1	1	80	2	800	0	0.0125	0	0	0
874	230	210	1	1	80	2	800	0	0.0125	0	0	0
875	230	229	1	1	80	2	800	0	0.0125	0	0	0
876	230	250	1	1	80	2	800	0	0.0125	0	0	0
877	230	231	1	1	80	2	800	0	0.0125	0	0	0
878	231	211	1	1	80	2	800	0	0.0125	0	0	0
879	231	230	1	1	80	2	800	0	0.0125	0	0	0
880	231	251	1	1	80	2	800	0	0.0125	0	0	0
881	231	232	1	1	80	2	800	0	0.0125	0	0	0
882	232	212	1	1	80	2	800	0	0.0125	0	0	0
883	232	231	1	1	80	2	800	0	0.0125	0	0	0
884	232	252	1	1	80	2	800	0	0.0125	0	0	0
885	232	233	1	1	80	2	800	0	0.0125	0	0	0
886	233	213	1	1	80	2	800	0	0.0125	0	0	0
887	233	232	1	1	80	2	800	0	0.0125	0	0	0
888	233	253	1	1	80	2	800	0	0.0125	0	0	0
889	233	234	1	1	80	2	800	0	0.0125	0	0	0
890	234	214	1	1	80	2	800	0	0.0125	0	0	0
891	234	233	1	1	80	2	800	0	0.0125	0	0	0
892	234	254	1	1	80	2	800	0	0.0125	0	0	0
893	234	235	1	1	80	2	800	0	0.0125	0	0	0
894	235	215	1	1	80	2	800	0	0.0125	0	0	0
895	235	234	1	1	80	2	800	0	0.0125	0	0	0
896	235	255	1	1	80	2	800	0	0.0125	0	0	0
897	235	236	1	1	80	2	800	0	0.0125	0	0	0
898	236	216	1	1	80	2	800	0	0.0125	0	0	0
899	236	235	1	1	80	2	800	0	0.0125	0	0	0
900	236	256	1	1	80	2	800	0	0.0125	0	0	0
901	236	237	1	1	80	2	800	0	0.0125	0	0	0
902	237	217	1	1	80	2	800	0	0.0125	0	0	0
903	237	236	1	1	80	2	800	0	0.0125	0	0	0
904	237	257	1	1	80	2	800	0	0.0125	0	0	0
905	237	238	1	1	80	2	800	0	0.0125	0	0	0
906	238	218	1	1	80	2	800	0	0.0125	0	0	0
907	238	237	1	1	80	2	800	0	0.0125	0	0	0
908	238	258	1	1	80	2	800	0	0.0125	0	0	0
909	238	239	1	1	80	2	800	0	0.0125	0	0	0
910	239	219	1	1	80	2	800	0	0.0125	0	0	0
911	239	238	1	1	80	2	800	0	0.0125	0	0	0
912	239	259	1	1	80	2	800	0	0.0125	0	0	0
913	239	240	1	1	80	2	800	0	0.0125	0	0	0
914	240	220	1	1	80	2	800	0	0.0125	0	0	0
915	240	260	1	1	80	2	800	0	0.0125	0	0	0
916	240	239	1	1	80	2	800	0	0.0125	0	0	0
917	241	221	1	1	80	2	800	0	0.0125	0	0	0
918	241	242	1	1	80	2	800	0	0.0125	0	0	0
919	241	261	1	1	80	2	800	0	0.0125	0	0	0
920	242	222	1	1	80	2	800	0	0.0125	0	0	0
921	242	241	1	1	80	2	800	0	0.0125	0	0	0
922	242	262	1	1	80	2	800	0	0.0125	0	0	0
923	242	243	1	1	80	2	800	0	0.0125	0	0	0
924	243	223	1	1	80	2	800	0	0.0125	0	0	0
925	243	242	1	1	80	2	800	0	0.0125	0	0	0
926	243	263	1	1	80	2	800	0	0.0125	0	0	0
927	243	244	1	1	80	2	800	0	0.0125	0	0	0
928	244	224	1	1	80	2	800	0	0.0125	0	0	0
929	244	243	1	1	80	2	800	0	0.0125	0	0	0
930	244	264	1	1	80	2	800	0	0.0125	0	0	0
931	244	245	1	1	80	2	800	0	0.0125	0	0	0
932	245	225	1	1	80	2	800	0	0.0125	0	0	0
933	245	244	1	1	80	2	800	0	0.0125	0	0	0
934	245	265	1	1	80	2	800	0	0.0125	0	0	0
935	245	246	1	1	80	2	800	0	0.0125	0	0	0
936	246	226	1	1	80	2	800	0	0.0125	0	0	0
937	246	245	1	1	80	2	800	0	0.0125	0	0	0
938	246	266	1	1	80	2	800	0	0.0125	0	0	0
939	246	247	1	1	80	2	800	0	0.0125	0	0	0
940	247	227	1	1	80	2	800	0	0.0125	0	0	0
941	247	246	1	1	80	2	800	0	0.0125	0	0	0
942	247	267	1	1	80	2	800	0	0.0125	0	0	0
943	247	248	1	1	80	2	800	0	0.0125	0	0	0
944	248	228	1	1	80	2	800	0	0.0125	0	0	0
945	248	247	1	1	80	2	800	0	0.0125	0	0	0
946	248	268	1	1	80	2	800	0	0.0125	0	0	0
947	248	249	1	1	80	2	800	0	0.0125	0	0	0
948	249	229	1	1	80	2	800	0	0.0125	0	0	0
949	249	248	1	1	80	2	800	0	0.0125	0	0	0
950	249	269	1	1	80	2	800	0	0.0125	0	0	0
951	249	250	1	1	80	2	800	0	0.0125	0	0	0
952	250	230	1	1	80	2	800	0	0.0125	0	0	0
953	250	249	1	1	80	2	800	0	0.0125	0	0	0
954	250	270	1	1	80	2	800	0	0.0125	0	0	0
955	250	251	1	1	80	2	800	0	0.0125	0	0	0
956	251	231	1	1	80	2	800	0	0.0125	0	0	0
957	251	250	1	1	80	2	800	0	0.0125	0	0	0
958	251	271	1	1	80	2	800	0	0.0125	0	0	0
959	251	252	1	1	80	2	800	0	0.0125	0	0	0
960	252	232	1	1	80	2	800	0	0.0125	0	0	0
961	252	251	1	1	80	2	800	0	0.0125	0	0	0
962	252	272	1	1	80	2	800	0	0.0125	0	0	0
963	252	253	1	1	80	2	800	0	0.0125	0	0	0
964	253	233	1	1	80	2	800	0	0.0125	0	0	0
965	253	252	1	1	80	2	800	0	0.0125	0	0	0
966	253	273	1	1	80	2	800	0	0.0125	0	0	0
967	253	254	1	1	80	2	800	0	0.0125	0	0	0
968	254	234	1	1	80	2	800	0	0.0125	0	0	0
969	254	253	1	1	80	2	800	0	0.0125	0	0	0
970	254	274	1	1	80	2	800	0	0.0125	0	0	0
971	254	255	1	1	80	2	800	0	0.0125	0	0	0
972	255	235	1	1	80	2	800	0	0.0125	0	0	0
973	255	254	1	1	80	2	800	0	0.0125	0	0	0
974	255	275	1	1	80	2	800	0	0.0125	0	0	0
975	255	256	1	1	80	2	800	0	0.0125	0	0	0
976	256	236	1	1	80	2	800	0	0.0125	0	0	0
977	256	255	1	1	80	2	800	0	0.0125	0	0	0
978	256	276	1	1	80	2	800	0	0.0125	0	0	0
979	256	257	1	1	80	2	800	0	0.0125	0	0	0
980	257	237	1	1	80	2	800	0	0.0125	0	0	0
981	257	256	1	1	80	2	800	0	0.0125	0	0	0
982	257	277	1	1	80	2	800	0	0.0125	0	0	0
983	257	258	1	1	80	2	800	0	0.0125	0	0	0
984	258	238	1	1	80	2	800	0	0.0125	0	0	0
985	258	257	1	1	80	2	800	0	0.0125	0	0	0
986	258	278	1	1	80	2	800	0	0.0125	0	0	0
987	258	259	1	1	80	2	800	0	0.0125	0	0	0
988	259	239	1	1	80	2	800	0	0.0125	0	0	0
989	259	258	1	1	80	2	800	0	0.0125	0	0	0
990	259	279	1	1	80	2	800	0	0.0125	0	0	0
991	259	260	1	1	80	2	800	0	0.0125	0	0	0
992	260	240	1	1	80	2	800	0	0.0125	0	0	0
993	260	280	1	1	80	2	800	0	0.0125	0	0	0
994	260	259	1	1	80	2	800	0	0.0125	0	0	0
995	261	241	1	1	80	2	800	0	0.0125	0	0	0
996	261	262	1	1	80	2	800	0	0.0125	0	0	0
997	261	281	1	1	80	2	800	0	0.0125	0	0	0
998	262	242	1	1	80	2	800	0	0.0125	0	0	0
999	262	261	1	1	80	2	800	0	0.0125	0	0	0
1000	262	282	1	1	80	2	800	0	0.0125	0	0	0
1001	262	263	1	1	80	2	800	0	0.0125	0	0	0
1002	263	243	1	1	80	2	800	0	0.0125	0	0	0
1003	263	262	1	1	80	2	800	0	0.0125	0	0	0
1004	263	283	1	1	80	2	800	0	0.0125	0	0	0
1005	263	264	1	1	80	2	800	0	0.0125	0	0	0
1006	264	244	1	1	80	2	800	0	0.0125	0	0	0
1007	264	263	1	1	80	2	800	0	0.0125	0	0	0
1008	264	284	1	1	80	2	800	0	0.0125	0	0	0
1009	264	265	1	1	80	2	800	0	0.0125	0	0	0
1010	265	245	1	1	80	2	800	0	0.0125	0	0	0
1011	265	264	1	1	80	2	800	0	0.0125	0	0	0
1012	265	285	1	1	80	2	800	0	0.0125	0	0	0
1013	265	266	1	1	80	2	800	0	0.0125	0	0	0
1014	266	246	1	1	80	2	800	0	0.0125	0	0	0
1015	266	265	1	1	80	2	800	0	0.0125	0	0	0
1016	266	286	1	1	80	2	800	0	0.0125	0	0	0
1017	266	267	1	1	80	2	800	0	0.0125	0	0	0
1018	267	247	1	1	80	2	800	0	0.0125	0	0	0
1019	267	266	1	1	80	2	800	0	0.0125	0	0	0
1020	267	287	1	1	80	2	800	0	0.0125	0	0	0
1021	267	268	1	1	80	2	800	0	0.0125	0	0	0
1022	268	248	1	1	80	2	800	0	0.0125	0	0	0
1023	268	267	1	1	80	2	800	0	0.0125	0	0	0
1024	268	288	1	1	80	2	800	0	0.0125	0	0	0
1025	268	269	1	1	80	2	800	0	0.0125	0	0	0
1026	269	249	1	1	80	2	800	0	0.0125	0	0	0
1027	269	268	1	1	80	2	800	0	0.0125	0	0	0
1028	269	289	1	1	80	2	800	0	0.0125	0	0	0
1029	269	270	1	1	80	2	800	0	0.0125	0	0	0
1030	270	250	1	1	80	2	800	0	0.0125	0	0	0
1031	270	269	1	1	80	2	800	0	0.0125	0	0	0
1032	270	290	1	1	80	2	800	0	0.0125	0	0	0
1033	270	271	1	1	80	2	800	0	0.0125	0	0	0
1034	271	251	1	1	80	2	800	0	0.0125	0	0	0
1035	271	270	1	1	80	2	800	0	0.0125	0	0	0
1036	271	291	1	1	80	2	800	0	0.0125	0	0	0
1037	271	272	1	1	80	2	800	0	0.0125	0	0	0
1038	272	252	1	1	80	2	800	0	0.0125	0	0	0
1039	272	271	1	1	80	2	800	0	0.0125	0	0	0
1040	272	292	1	1	80	2	800	0	0.0125	0	0	0
1041	272	273	1	1	80	2	800	0	0.0125	0	0	0
1042	273	253	1	1	80	2	800	0	0.0125	0	0	0
1043	273	272	1	1	80	2	800	0	0.0125	0	0	0
1044	273	293	1	1	80	2	800	0	0.0125	0	0	0
1045	273	274	1	1	80	2	800	0	0.0125	0	0	0
1046	274	254	1	1	80	2	800	0	0.0125	0	0	0
1047	274	273	1	1	80	2	800	0	0.0125	0	0	0
1048	274	294	1	1	80	2	800	0	0.0125	0	0	0
1049	274	275	1	1	80	2	800	0	0.0125	0	0	0
1050	275	255	1	1	80	2	800	0	0.0125	0	0	0
1051	275	274	1	1	80	2	800	0	0.0125	0	0	0
1052	275	295	1	1	80	2	800	0	0.0125	0	0	0
1053	275	276	1	1	80	2	800	0	0.0125	0	0	0
1054	276	256	1	1	80	2	800	0	0.0125	0	0	0
1055	276	275	1	1	80	2	800	0	0.0125	0	0	0
1056	276	296	1	1	80	2	800	0	0.0125	0	0	0
1057	276	277	1	1	80	2	800	0	0.0125	0	0	0
1058	277	257	1	1	80	2	800	0	0.0125	0	0	0
1059	277	276	1	1	80	2	800	0	0.0125	0	0	0
1060	277	297	1	1	80	2	800	0	0.0125	0	0	0
1061	277	278	1	1	80	2	800	0	0.0125	0	0	0
1062	278	258	1	1	80	2	800	0	0.0125	0	0	0
1063	278	277	1	1	80	2	800	0	0.0125	0	0	0
1064	278	298	1	1	80	2	800	0	0.0125	0	0	0
1065	278	279	1	1	80	2	800	0	0.0125	0	0	0
1066	279	259	1	1	80	2	800	0	0.0125	0	0	0
1067	279	278	1	1	80	2	800	0	0.0125	0	0	0
1068	279	299	1	1	80	2	800	0	0.0125	0	0	0
1069	279	280	1	1	80	2	800	0	0.0125	0	0	0
1070	280	260	1	1	80	2	800	0	0.0125	0	0	0
1071	280	300	1	1	80	2	800	0	0.0125	0	0	0
1072	280	279	1	1	80	2	800	0	0.0125	0	0	0
1073	281	261	1	1	80	2	800	0	0.0125	0	0	0
1074	281	282	1	1	80	2	800	0	0.0125	0	0	0
1075	281	301	1	1	80	2	800	0	0.0125	0	0	0
1076	282	262	1	1	80	2	800	0	0.0125	0	0	0
1077	282	281	1	1	80	2	800	0	0.0125	0	0	0
1078	282	302	1	1	80	2	800	0	0.0125	0	0	0
1079	282	283	1	1	80	2	800	0	0.0125	0	0	0
1080	283	263	1	1	80	2	800	0	0.0125	0	0	0
1081	283	282	1	1	80	2	800	0	0.0125	0	0	0
1082	283	303	1	1	80	2	800	0	0.0125	0	0	0
1083	283	284	1	1	80	2	800	0	0.0125	0	0	0
1084	284	264	1	1	80	2	800	0	0.0125	0	0	0
1085	284	283	1	1	80	2	800	0	0.0125	0	0	0
1086	284	304	1	1	80	2	800	0	0.0125	0	0	0
1087	284	285	1	1	80	2	800	0	0.0125	0	0	0
1088	285	265	1	1	80	2	800	0	0.0125	0	0	0
1089	285	284	1	1	80	2	800	0	0.0125	0	0	0
1090	285	305	1	1	80	2	800	0	0.0125	0	0	0
1091	285	286	1	1	80	2	800	0	0.0125	0	0	0
1092	286	266	1	1	80	2	800	0	0.0125	0	0	0
1093	286	285	1	1	80	2	800	0	0.0125	0	0	0
1094	286	306	1	1	80	2	800	0	0.0125	0	0	0
1095	286	287	1	1	80	2	800	0	0.0125	0	0	0
1096	287	267	1	1	80	2	800	0	0.0125	0	0	0
1097	287	286	1	1	80	2	800	0	0.0125	0	0	0
1098	287	307	1	1	80	2	800	0	0.0125	0	0	0
1099	287	288	1	1	80	2	800	0	0.0125	0	0	0
1100	288	268	1	1	80	2	800	0	0.0125	0	0	0
1101	288	287	1	1	80	2	800	0	0.0125	0	0	0
1102	288	308	1	1	80	2	800	0	0.0125	0	0	0
1103	288	289	1	1	80	2	800	0	0.0125	0	0	0
1104	289	269	1	1	80	2	800	0	0.0125	0	0	0
1105	289	288	1	1	80	2	800	0	0.0125	0	0	0
1106	289	309	1	1	80	2	800	0	0.0125	0	0	0
1107	289	290	1	1	80	2	800	0	0.0125	0	0	0
1108	290	270	1	1	80	2	800	0	0.0125	0	0	0
1109	290	289	1	1	80	2	800	0	0.0125	0	0	0
1110	290	310	1	1	80	2	800	0	0.0125	0	0	0
1111	290	291	1	1	80	2	800	0	0.0125	0	0	0
1112	291	271	1	1	80	2	800	0	0.0125	0	0	0
1113	291	290	1	1	80	2	800	0	0.0125	0	0	0
1114	291	311	1	1	80	2	800	0	0.0125	0	0	0
1115	291	292	1	1	80	2	800	0	0.0125	0	0	0
1116	292	272	1	1	80	2	800	0	0.0125	0	0	0
1117	292	291	1	1	80	2	800	0	0.0125	0	0	0
1118	292	312	1	1	80	2	800	0	0.0125	0	0	0
1119	292	293	1	1	80	2	800	0	0.0125	0	0	0
1120	293	273	1	1	80	2	800	0	0.0125	0	0	0
1121	293	292	1	1	80	2	800	0	0.0125	0	0	0
1122	293	313	1	1	80	2	800	0	0.0125	0	0	0
1123	293	294	1	1	80	2	800	0	0.0125	0	0	0
1124	294	274	1	1	80	2	800	0	0.0125	0	0	0
1125	294	293	1	1	80	2	800	0	0.0125	0	0	0
1126	294	314	1	1	80	2	800	0	0.0125	0	0	0
1127	294	295	1	1	80	2	800	0	0.0125	0	0	0
1128	295	275	1	1	80	2	800	0	0.0125	0	0	0
1129	295	294	1	1	80	2	800	0	0.0125	0	0	0
1130	295	315	1	1	80	2	800	0	0.0125	0	0	0
1131	295	296	1	1	80	2	800	0	0.0125	0	0	0
1132	296	276	1	1	80	2	800	0	0.0125	0	0	0
1133	296	295	1	1	80	2	800	0	0.0125	0	0	0
1134	296	316	1	1	80	2	800	0	0.0125	0	0	0
1135	296	297	1	1	80	2	800	0	0.0125	0	0	0
1136	297	277	1	1	80	2	800	0	0.0125	0	0	0
1137	297	296	1	1	80	2	800	0	0.0125	0	0	0
1138	297	317	1	1	80	2	800	0	0.0125	0	0	0
1139	297	298	1	1	80	2	800	0	0.0125	0	0	0
1140	298	278	1	1	80	2	800	0	0.0125	0	0	0
1141	298	297	1	1	80	2	800	0	0.0125	0	0	0
1142	298	318	1	1	80	2	800	0	0.0125	0	0	0
1143	298	299	1	1	80	2	800	0	0.0125	0	0	0
1144	299	279	1	1	80	2	800	0	0.0125	0	0	0
1145	299	298	1	1	80	2	800	0	0.0125	0	0	0
1146	299	319	1	1	80	2	800	0	0.0125	0	0	0
1147	299	300	1	1	80	2	800	0	0.0125	0	0	0
1148	300	280	1	1	80	2	800	0	0.0125	0	0	0
1149	300	320	1	1	80	2	800	0	0.0125	0	0	0
1150	300	299	1	1	80	2	800	0	0.0125	0	0	0
1151	301	281	1	1	80	2	800	0	0.0125	0	0	0
1152	301	302	1	1	80	2	800	0	0.0125	0	0	0
1153	301	321	1	1	80	2	800	0	0.0125	0	0	0
1154	302	282	1	1	80	2	800	0	0.0125	0	0	0
1155	302	301	1	1	80	2	800	0	0.0125	0	0	0
1156	302	322	1	1	80	2	800	0	0.0125	0	0	0
1157	302	303	1	1	80	2	800	0	0.0125	0	0	0
1158	303	283	1	1	80	2	800	0	0.0125	0	0	0
1159	303	302	1	1	80	2	800	0	0.0125	0	0	0
1160	303	323	1	1	80	2	800	0	0.0125	0	0	0
1161	303	304	1	1	80	2	800	0	0.0125	0	0	0
1162	304	284	1	1	80	2	800	0	0.0125	0	0	0
1163	304	303	1	1	80	2	800	0	0.0125	0	0	0
1164	304	324	1	1	80	2	800	0	0.0125	0	0	0
1165	304	305	1	1	80	2	800	0	0.0125	0	0	0
1166	305	285	1	1	80	2	800	0	0.0125	0	0	0
1167	305	304	1	1	80	2	800	0	0.0125	0	0	0
1168	305	325	1	1	80	2	800	0	0.0125	0	0	0
1169	305	306	1	1	80	2	800	0	0.0125	0	0	0
1170	306	286	1	1	80	2	800	0	0.0125	0	0	0
1171	306	305	1	1	80	2	800	0	0.0125	0	0	0
1172	306	326	1	1	80	2	800	0	0.0125	0	0	0
1173	306	307	1	1	80	2	800	0	0.0125	0	0	0
1174	307	287	1	1	80	2	800	0	0.0125	0	0	0
1175	307	306	1	1	80	2	800	0	0.0125	0	0	0
1176	307	327	1	1	80	2	800	0	0.0125	0	0	0
1177	307	308	1	1	80	2	800	0	0.0125	0	0	0
1178	308	288	1	1	80	2	800	0	0.0125	0	0	0
1179	308	307	1	1	80	2	800	0	0.0125	0	0	0
1180	308	328	1	1	80	2	800	0	0.0125	0	0	0
1181	308	309	1	1	80	2	800	0	0.0125	0	0	0
1182	309	289	1	1	80	2	800	0	0.0125	0	0	0
1183	309	308	1	1	80	2	800	0	0.0125	0	0	0
1184	309	329	1	1	80	2	800	0	0.0125	0	0	0
1185	309	310	1	1	80	2	800	0	0.0125	0	0	0
1186	310	290	1	1	80	2	800	0	0.0125	0	0	0
1187	310	309	1	1	80	2	800	0	0.0125	0	0	0
1188	310	330	1	1	80	2	800	0	0.0125	0	0	0
1189	310	311	1	1	80	2	800	0	0.0125	0	0	0
1190	311	291	1	1	80	2	800	0	0.0125	0	0	0
1191	311	310	1	1	80	2	800	0	0.0125	0	0	0
1192	311	331	1	1	80	2	800	0	0.0125	0	0	0
1193	311	312	1	1	80	2	800	0	0.0125	0	0	0
1194	312	292	1	1	80	2	800	0	0.0125	0	0	0
1195	312	311	1	1	80	2	800	0	0.0125	0	0	0
1196	312	332	1	1	80	2	800	0	0.0125	0	0	0
1197	312	313	1	1	80	2	800	0	0.0125	0	0	0
1198	313	293	1	1	80	2	800	0	0.0125	0	0	0
1199	313	312	1	1	80	2	800	0	0.0125	0	0	0
1200	313	333	1	1	80	2	800	0	0.0125	0	0	0
1201	313	314	1	1	80	2	800	0	0.0125	0	0	0
1202	314	294	1	1	80	2	800	0	0.0125	0	0	0
1203	314	313	1	1	80	2	800	0	0.0125	0	0	0
1204	314	334	1	1	80	2	800	0	0.0125	0	0	0
1205	314	315	1	1	80	2	800	0	0.0125	0	0	0
1206	315	295	1	1	80	2	800	0	0.0125	0	0	0
1207	315	314	1	1	80	2	800	0	0.0125	0	0	0
1208	315	335	1	1	80	2	800	0	0.0125	0	0	0
1209	315	316	1	1	80	2	800	0	0.0125	0	0	0
1210	316	296	1	1	80	2	800	0	0.0125	0	0	0
1211	316	315	1	1	80	2	800	0	0.0125	0	0	0
1212	316	336	1	1	80	2	800	0	0.0125	0	0	0
1213	316	317	1	1	80	2	800	0	0.0125	0	0	0
1214	317	297	1	1	80	2	800	0	0.0125	0	0	0
1215	317	316	1	1	80	2	800	0	0.0125	0	0	0
1216	317	337	1	1	80	2	800	0	0.0125	0	0	0
1217	317	318	1	1	80	2	800	0	0.0125	0	0	0
1218	318	298	1	1	80	2	800	0	0.0125	0	0	0
1219	318	317	1	1	80	2	800	0	0.0125	0	0	0
1220	318	338	1	1	80	2	800	0	0.0125	0	0	0
1221	318	319	1	1	80	2	800	0	0.0125	0	0	0
1222	319	299	1	1	80	2	800	0	0.0125	0	0	0
1223	319	318	1	1	80	2	800	0	0.0125	0	0	0
1224	319	339	1	1	80	2	800	0	0.0125	0	0	0
1225	319	320	1	1	80	2	800	0	0.0125	0	0	0
1226	320	300	1	1	80	2	800	0	0.0125	0	0	0
1227	320	340	1	1	80	2	800	0	0.0125	0	0	0
1228	320	319	1	1	80	2	800	0	0.0125	0	0	0
1229	321	301	1	1	80	2	800	0	0.0125	0	0	0
1230	321	322	1	1	80	2	800	0	0.0125	0	0	0
1231	321	341	1	1	80	2	800	0	0.0125	0	0	0
1232	322	302	1	1	80	2	800	0	0.0125	0	0	0
1233	322	321	1	1	80	2	800	0	0.0125	0	0	0
1234	322	342	1	1	80	2	800	0	0.0125	0	0	0
1235	322	323	1	1	80	2	800	0	0.0125	0	0	0
1236	323	303	1	1	80	2	800	0	0.0125	0	0	0
1237	323	322	1	1	80	2	800	0	0.0125	0	0	0
1238	323	343	1	1	80	2	800	0	0.0125	0	0	0
1239	323	324	1	1	80	2	800	0	0.0125	0	0	0
1240	324	304	1	1	80	2	800	0	0.0125	0	0	0
1241	324	323	1	1	80	2	800	0	0.0125	0	0	0
1242	324	344	1	1	80	2	800	0	0.0125	0	0	0
1243	324	325	1	1	80	2	800	0	0.0125	0	0	0
1244	325	305	1	1	80	2	800	0	0.0125	0	0	0
1245	325	324	1	1	80	2	800	0	0.0125	0	0	0
1246	325	345	1	1	80	2	800	0	0.0125	0	0	0
1247	325	326	1	1	80	2	800	0	0.0125	0	0	0
1248	326	306	1	1	80	2	800	0	0.0125	0	0	0
1249	326	325	1	1	80	2	800	0	0.0125	0	0	0
1250	326	346	1	1	80	2	800	0	0.0125	0	0	0
1251	326	327	1	1	80	2	800	0	0.0125	0	0	0
1252	327	307	1	1	80	2	800	0	0.0125	0	0	0
1253	327	326	1	1	80	2	800	0	0.0125	0	0	0
1254	327	347	1	1	80	2	800	0	0.0125	0	0	0
1255	327	328	1	1	80	2	800	0	0.0125	0	0	0
1256	328	308	1	1	80	2	800	0	0.0125	0	0	0
1257	328	327	1	1	80	2	800	0	0.0125	0	0	0
1258	328	348	1	1	80	2	800	0	0.0125	0	0	0
1259	328	329	1	1	80	2	800	0	0.0125	0	0	0
1260	329	309	1	1	80	2	800	0	0.0125	0	0	0
1261	329	328	1	1	80	2	800	0	0.0125	0	0	0
1262	329	349	1	1	80	2	800	0	0.0125	0	0	0
1263	329	330	1	1	80	2	800	0	0.0125	0	0	0
1264	330	310	1	1	80	2	800	0	0.0125	0	0	0
1265	330	329	1	1	80	2	800	0	0.0125	0	0	0
1266	330	350	1	1	80	2	800	0	0.0125	0	0	0
1267	330	331	1	1	80	2	800	0	0.0125	0	0	0
1268	331	311	1	1	80	2	800	0	0.0125	0	0	0
1269	331	330	1	1	80	2	800	0	0.0125	0	0	0
1270	331	351	1	1	80	2	800	0	0.0125	0	0	0
1271	331	332	1	1	80	2	800	0	0.0125	0	0	0
1272	332	312	1	1	80	2	800	0	0.0125	0	0	0
1273	332	331	1	1	80	2	800	0	0.0125	0	0	0
1274	332	352	1	1	80	2	800	0	0.0125	0	0	0
1275	332	333	1	1	80	2	800	0	0.0125	0	0	0
1276	333	313	1	1	80	2	800	0	0.0125	0	0	0
1277	333	332	1	1	80	2	800	0	0.0125	0	0	0
1278	333	353	1	1	80	2	800	0	0.0125	0	0	0
1279	333	334	1	1	80	2	800	0	0.0125	0	0	0
1280	334	314	1	1	80	2	800	0	0.0125	0	0	0
1281	334	333	1	1	80	2	800	0	0.0125	0	0	0
1282	334	354	1	1	80	2	800	0	0.0125	0	0	0
1283	334	335	1	1	80	2	800	0	0.0125	0	0	0
1284	335	315	1	1	80	2	800	0	0.0125	0	0	0
1285	335	334	1	1	80	2	800	0	0.0125	0	0	0
1286	335	355	1	1	80	2	800	0	0.0125	0	0	0
1287	335	336	1	1	80	2	800	0	0.0125	0	0	0
1288	336	316	1	1	80	2	800	0	0.0125	0	0	0
1289	336	335	1	1	80	2	800	0	0.0125	0	0	0
1290	336	356	1	1	80	2	800	0	0.0125	0	0	0
1291	336	337	1	1	80	2	800	0	0.0125	0	0	0
1292	337	317	1	1	80	2	800	0	0.0125	0	0	0
1293	337	336	1	1	80	2	800	0	0.0125	0	0	0
1294	337	357	1	1	80	2	800	0	0.0125	0	0	0
1295	337	338	1	1	80	2	800	0	0.0125	0	0	0
1296	338	318	1	1	80	2	800	0	0.0125	0	0	0
1297	338	337	1	1	80	2	800	0	0.0125	0	0	0
1298	338	358	1	1	80	2	800	0	0.0125	0	0	0
1299	338	339	1	1	80	2	800	0	0.0125	0	0	0
1300	339	319	1	1	80	2	800	0	0.0125	0	0	0
1301	339	338	1	1	80	2	800	0	0.0125	0	0	0
1302	339	359	1	1	80	2	800	0	0.0125	0	0	0
1303	339	340	1	1	80	2	800	0	0.0125	0	0	0
1304	340	320	1	1	80	2	800	0	0.0125	0	0	0
1305	340	360	1	1	80	2	800	0	0.0125	0	0	0
1306	340	339	1	1	80	2	800	0	0.0125	0	0	0
1307	341	321	1	1	80	2	800	0	0.0125	0	0	0
1308	341	342	1	1	80	2	800	0	0.0125	0	0	0
1309	341	361	1	1	80	2	800	0	0.0125	0	0	0
1310	342	322	1	1	80	2	800	0	0.0125	0	0	0
1311	342	341	1	1	80	2	800	0	0.0125	0	0	0
1312	342	362	1	1	80	2	800	0	0.0125	0	0	0
1313	342	343	1	1	80	2	800	0	0.0125	0	0	0
1314	343	323	1	1	80	2	800	0	0.0125	0	0	0
1315	343	342	1	1	80	2	800	0	0.0125	0	0	0
1316	343	363	1	1	80	2	800	0	0.0125	0	0	0
1317	343	344	1	1	80	2	800	0	0.0125	0	0	0
1318	344	324	1	1	80	2	800	0	0.0125	0	0	0
1319	344	343	1	1	80	2	800	0	0.0125	0	0	0
1320	344	364	1	1	80	2	800	0	0.0125	0	0	0
1321	344	345	1	1	80	2	800	0	0.0125	0	0	0
1322	345	325	1	1	80	2	800	0	0.0125	0	0	0
1323	345	344	1	1	80	2	800	0	0.0125	0	0	0
1324	345	365	1	1	80	2	800	0	0.0125	0	0	0
1325	345	346	1	1	80	2	800	0	0.0125	0	0	0
1326	346	326	1	1	80	2	800	0	0.0125	0	0	0
1327	346	345	1	1	80	2	800	0	0.0125	0	0	0
1328	346	366	1	1	80	2	800	0	0.0125	0	0	0
1329	346	347	1	1	80	2	800	0	0.0125	0	0	0
1330	347	327	1	1	80	2	800	0	0.0125	0	0	0
1331	347	346	1	1	80	2	800	0	0.0125	0	0	0
1332	347	367	1	1	80	2	800	0	0.0125	0	0	0
1333	347	348	1	1	80	2	800	0	0.0125	0	0	0
1334	348	328	1	1	80	2	800	0	0.0125	0	0	0
1335	348	347	1	1	80	2	800	0	0.0125	0	0	0
1336	348	368	1	1	80	2	800	0	0.0125	0	0	0
1337	348	349	1	1	80	2	800	0	0.0125	0	0	0
1338	349	329	1	1	80	2	800	0	0.0125	0	0	0
1339	349	348	1	1	80	2	800	0	0.0125	0	0	0
1340	349	369	1	1	80	2	800	0	0.0125	0	0	0
1341	349	350	1	1	80	2	800	0	0.0125	0	0	0
1342	350	330	1	1	80	2	800	0	0.0125	0	0	0
1343	350	349	1	1	80	2	800	0	0.0125	0	0	0
1344	350	370	1	1	80	2	800	0	0.0125	0	0	0
1345	350	351	1	1	80	2	800	0	0.0125	0	0	0
1346	351	331	1	1	80	2	800	0	0.0125	0	0	0
1347	351	350	1	1	80	2	800	0	0.0125	0	0	0
1348	351	371	1	1	80	2	800	0	0.0125	0	0	0
1349	351	352	1	1	80	2	800	0	0.0125	0	0	0
1350	352	332	1	1	80	2	800	0	0.0125	0	0	0
1351	352	351	1	1	80	2	800	0	0.0125	0	0	0
1352	352	372	1	1	80	2	800	0	0.0125	0	0	0
1353	352	353	1	1	80	2	800	0	0.0125	0	0	0
1354	353	333	1	1	80	2	800	0	0.0125	0	0	0
1355	353	352	1	1	80	2	800	0	0.0125	0	0	0
1356	353	373	1	1	80	2	800	0	0.0125	0	0	0
1357	353	354	1	1	80	2	800	0	0.0125	0	0	0
1358	354	334	1	1	80	2	800	0	0.0125	0	0	0
1359	354	353	1	1	80	2	800	0	0.0125	0	0	0
1360	354	374	1	1	80	2	800	0	0.0125	0	0	0
1361	354	355	1	1	80	2	800	0	0.0125	0	0	0
1362	355	335	1	1	80	2	800	0	0.0125	0	0	0
1363	355	354	1	1	80	2	800	0	0.0125	0	0	0
1364	355	375	1	1	80	2	800	0	0.0125	0	0	0
1365	355	356	1	1	80	2	800	0	0.0125	0	0	0
1366	356	336	1	1	80	2	800	0	0.0125	0	0	0
1367	356	355	1	1	80	2	800	0	0.0125	0	0	0
1368	356	376	1	1	80	2	800	0	0.0125	0	0	0
1369	356	357	1	1	80	2	800	0	0.0125	0	0	0
1370	357	337	1	1	80	2	800	0	0.0125	0	0	0
1371	357	356	1	1	80	2	800	0	0.0125	0	0	0
1372	357	377	1	1	80	2	800	0	0.0125	0	0	0
1373	357	358	1	1	80	2	800	0	0.0125	0	0	0
1374	358	338	1	1	80	2	800	0	0.0125	0	0	0
1375	358	357	1	1	80	2	800	0	0.0125	0	0	0
1376	358	378	1	1	80	2	800	0	0.0125	0	0	0
1377	358	359	1	1	80	2	800	0	0.0125	0	0	0
1378	359	339	1	1	80	2	800	0	0.0125	0	0	0
1379	359	358	1	1	80	2	800	0	0.0125	0	0	0
1380	359	379	1	1	80	2	800	0	0.0125	0	0	0
1381	359	360	1	1	80	2	800	0	0.0125	0	0	0
1382	360	340	1	1	80	2	800	0	0.0125	0	0	0
1383	360	380	1	1	80	2	800	0	0.0125	0	0	0
1384	360	359	1	1	80	2	800	0	0.0125	0	0	0
1385	361	341	1	1	80	2	800	0	0.0125	0	0	0
1386	361	362	1	1	80	2	800	0	0.0125	0	0	0
1387	361	381	1	1	80	2	800	0	0.0125	0	0	0
1388	362	342	1	1	80	2	800	0	0.0125	0	0	0
1389	362	361	1	1	80	2	800	0	0.0125	0	0	0
1390	362	382	1	1	80	2	800	0	0.0125	0	0	0
1391	362	363	1	1	80	2	800	0	0.0125	0	0	0
1392	363	343	1	1	80	2	800	0	0.0125	0	0	0
1393	363	362	1	1	80	2	800	0	0.0125	0	0	0
1394	363	383	1	1	80	2	800	0	0.0125	0	0	0
1395	363	364	1	1	80	2	800	0	0.0125	0	0	0
1396	364	344	1	1	80	2	800	0	0.0125	0	0	0
1397	364	363	1	1	80	2	800	0	0.0125	0	0	0
1398	364	384	1	1	80	2	800	0	0.0125	0	0	0
1399	364	365	1	1	80	2	800	0	0.0125	0	0	0
1400	365	345	1	1	80	2	800	0	0.0125	0	0	0
1401	365	364	1	1	80	2	800	0	0.0125	0	0	0
1402	365	385	1	1	80	2	800	0	0.0125	0	0	0
1403	365	366	1	1	80	2	800	0	0.0125	0	0	0
1404	366	346	1	1	80	2	800	0	0.0125	0	0	0
1405	366	365	1	1	80	2	800	0	0.0125	0	0	0
1406	366	386	1	1	80	2	800	0	0.0125	0	0	0
1407	366	367	1	1	80	2	800	0	0.0125	0	0	0
1408	367	347	1	1	80	2	800	0	0.0125	0	0	0
1409	367	366	1	1	80	2	800	0	0.0125	0	0	0
1410	367	387	1	1	80	2	800	0	0.0125	0	0	0
1411	367	368	1	1	80	2	800	0	0.0125	0	0	0
1412	368	348	1	1	80	2	800	0	0.0125	0	0	0
1413	368	367	1	1	80	2	800	0	0.0125	0	0	0
1414	368	388	1	1	80	2	800	0	0.0125	0	0	0
1415	368	369	1	1	80	2	800	0	0.0125	0	0	0
1416	369	349	1	1	80	2	800	0	0.0125	0	0	0
1417	369	368	1	1	80	2	800	0	0.0125	0	0	0
1418	369	389	1	1	80	2	800	0	0.0125	0	0	0
1419	369	370	1	1	80	2	800	0	0.0125	0	0	0
1420	370	350	1	1	80	2	800	0	0.0125	0	0	0
1421	370	369	1	1	80	2	800	0	0.0125	0	0	0
1422	370	390	1	1	80	2	800	0	0.0125	0	0	0
1423	370	371	1	1	80	2	800	0	0.0125	0	0	0
1424	371	351	1	1	80	2	800	0	0.0125	0	0	0
1425	371	370	1	1	80	2	800	0	0.0125	0	0	0
1426	371	391	1	1	80	2	800	0	0.0125	0	0	0
1427	371	372	1	1	80	2	800	0	0.0125	0	0	0
1428	372	352	1	1	80	2	800	0	0.0125	0	0	0
1429	372	371	1	1	80	2	800	0	0.0125	0	0	0
1430	372	392	1	1	80	2	800	0	0.0125	0	0	0
1431	372	373	1	1	80	2	800	0	0.0125	0	0	0
1432	373	353	1	1	80	2	800	0	0.0125	0	0	0
1433	373	372	1	1	80	2	800	0	0.0125	0	0	0
1434	373	393	1	1	80	2	800	0	0.0125	0	0	0
1435	373	374	1	1	80	2	800	0	0.0125	0	0	0
1436	374	354	1	1	80	2	800	0	0.0125	0	0	0
1437	374	373	1	1	80	2	800	0	0.0125	0	0	0
1438	374	394	1	1	80	2	800	0	0.0125	0	0	0
1439	374	375	1	1	80	2	800	0	0.0125	0	0	0
1440	375	355	1	1	80	2	800	0	0.0125	0	0	0
1441	375	374	1	1	80	2	800	0	0.0125	0	0	0
1442	375	395	1	1	80	2	800	0	0.0125	0	0	0
1443	375	376	1	1	80	2	800	0	0.0125	0	0	0
1444	376	356	1	1	80	2	800	0	0.0125	0	0	0
1445	376	375	1	1	80	2	800	0	0.0125	0	0	0
1446	376	396	1	1	80	2	800	0	0.0125	0	0	0
1447	376	377	1	1	80	2	800	0	0.0125	0	0	0
1448	377	357	1	1	80	2	800	0	0.0125	0	0	0
1449	377	376	1	1	80	2	800	0	0.0125	0	0	0
1450	377	397	1	1	80	2	800	0	0.0125	0	0	0
1451	377	378	1	1	80	2	800	0	0.0125	0	0	0
1452	378	358	1	1	80	2	800	0	0.0125	0	0	0
1453	378	377	1	1	80	2	800	0	0.0125	0	0	0
1454	378	398	1	1	80	2	800	0	0.0125	0	0	0
1455	378	379	1	1	80	2	800	0	0.0125	0	0	0
1456	379	359	1	1	80	2	800	0	0.0125	0	0	0
1457	379	378	1	1	80	2	800	0	0.0125	0	0	0
1458	379	399	1	1	80	2	800	0	0.0125	0	0	0
1459	379	380	1	1	80	2	800	0	0.0125	0	0	0
1460	380	360	1	1	80	2	800	0	0.0125	0	0	0
1461	380	400	1	1	80	2	800	0	0.0125	0	0	0
1462	380	379	1	1	80	2	800	0	0.0125	0	0	0
1463	381	361	1	1	80	2	800	0	0.0125	0	0	0
1464	381	382	1	1	80	2	800	0	0.0125	0	0	0
1465	382	381	1	1	80	2	800	0	0.0125	0	0	0
1466	382	362	1	1	80	2	800	0	0.0125	0	0	0
1467	382	383	1	1	80	2	800	0	0.0125	0	0	0
1468	383	382	1	1	80	2	800	0	0.0125	0	0	0
1469	383	363	1	1	80	2	800	0	0.0125	0	0	0
1470	383	384	1	1	80	2	800	0	0.0125	0	0	0
1471	384	383	1	1	80	2	800	0	0.0125	0	0	0
1472	384	364	1	1	80	2	800	0	0.0125	0	0	0
1473	384	385	1	1	80	2	800	0	0.0125	0	0	0
1474	385	384	1	1	80	2	800	0	0.0125	0	0	0
1475	385	365	1	1	80	2	800	0	0.0125	0	0	0
1476	385	386	1	1	80	2	800	0	0.0125	0	0	0
1477	386	385	1	1	80	2	800	0	0.0125	0	0	0
1478	386	366	1	1	80	2	800	0	0.0125	0	0	0
1479	386	387	1	1	80	2	800	0	0.0125	0	0	0
1480	387	386	1	1	80	2	800	0	0.0125	0	0	0
1481	387	367	1	1	80	2	800	0	0.0125	0	0	0
1482	387	388	1	1	80	2	800	0	0.0125	0	0	0
1483	388	387	1	1	80	2	800	0	0.0125	0	0	0
1484	388	368	1	1	80	2	800	0	0.0125	0	0	0
1485	388	389	1	1	80	2	800	0	0.0125	0	0	0
1486	389	388	1	1	80	2	800	0	0.0125	0	0	0
1487	389	369	1	1	80	2	800	0	0.0125	0	0	0
1488	389	390	1	1	80	2	800	0	0.0125	0	0	0
1489	390	389	1	1	80	2	800	0	0.0125	0	0	0
1490	390	370	1	1	80	2	800	0	0.0125	0	0	0
1491	390	391	1	1	80	2	800	0	0.0125	0	0	0
1492	391	390	1	1	80	2	800	0	0.0125	0	0	0
1493	391	371	1	1	80	2	800	0	0.0125	0	0	0
1494	391	392	1	1	80	2	800	0	0.0125	0	0	0
1495	392	391	1	1	80	2	800	0	0.0125	0	0	0
1496	392	372	1	1	80	2	800	0	0.0125	0	0	0
1497	392	393	1	1	80	2	800	0	0.0125	0	0	0
1498	393	392	1	1	80	2	800	0	0.0125	0	0	0
1499	393	373	1	1	80	2	800	0	0.0125	0	0	0
1500	393	394	1	1	80	2	800	0	0.0125	0	0	0
1501	394	393	1	1	80	2	800	0	0.0125	0	0	0
1502	394	374	1	1	80	2	800	0	0.0125	0	0	0
1503	394	395	1	1	80	2	800	0	0.0125	0	0	0
1504	395	394	1	1	80	2	800	0	0.0125	0	0	0
1505	395	375	1	1	80	2	800	0	0.0125	0	0	0
1506	395	396	1	1	80	2	800	0	0.0125	0	0	0
1507	396	395	1	1	80	2	800	0	0.0125	0	0	0
1508	396	376	1	1	80	2	800	0	0.0125	0	0	0
1509	396	397	1	1	80	2	800	0	0.0125	0	0	0
1510	397	396	1	1	80	2	800	0	0.0125	0	0	0
1511	397	377	1	1	80	2	800	0	0.0125	0	0	0
1512	397	398	1	1	80	2	800	0	0.0125	0	0	0
1513	398	397	1	1	80	2	800	0	0.0125	0	0	0
1514	398	378	1	1	80	2	800	0	0.0125	0	0	0
1515	398	399	1	1	80	2	800	0	0.0125	0	0	0
1516	399	398	1	1	80	2	800	0	0.0125	0	0	0
1517	399	379	1	1	80	2	800	0	0.0125	0	0	0
1518	399	400	1	1	80	2	800	0	0.0125	0	0	0
1519	400	380	1	1	80	2	800	0	0.0125	0	0	0
1520	400	399	1	1	80	2	800	0	0.0125	0	0	0
