3
1	203.684	631.41
2	252.219	196.287
3	1108.264	191.718
4	1256.61	1510.541
5	864.335	798.448
6	70.499	540.248
7	317.178	1002.982
8	1458.593	129.352
9	1762.567	1317.398
10	1779.891	696.269
11	1966.356	1800.715
12	369.089	1890.868
13	144.406	264.819
14	1178.27	1332.533
15	1461.775	188.583
16	1086.535	554.867
17	329.168	1270.511
18	701.867	1335.496
19	841.514	1345.318
20	1925.156	594.249
21	1028.195	1369.873
22	884.285	1098.796
23	976.578	1125.394
24	723.498	346.3
25	448.628	1874.592
26	1621.128	207.393
27	1596.392	1976.818
28	660.869	1865.132
29	970.824	910.368
30	494.606	1136.35
31	273.364	901.06
32	174.652	643.191
33	1280.795	1848.94
34	1887.371	1701.886
35	1882.861	1513.068
36	1220.943	22.088
37	634.177	1259.2
38	1326.461	1596.971
39	1285.929	1274.425
40	340.463	1399.081
41	1981.681	68.201
42	1347.597	1746.88
43	585.232	736.103
44	169.879	1263.412
45	422.78	1967.504
46	416.419	111.03
47	1260.096	1019.527
48	1092.257	860.197
49	1924.814	1620.826
50	1185.303	1965.625
51	1584.59	160.754
52	824.523	27.054
53	1549.744	133.884
54	1642.727	491.751
55	176.72	1715.642
56	297.623	1082.781
57	224.576	422.293
58	1512.239	1496.493
59	895.792	1499.24
60	1467.68	1454.731
61	86.099	1977.161
62	814.902	90.658
63	1289.483	1709.318
64	1935.278	1028.557
65	417.419	1735.144
66	1499.373	1846.744
67	437.6	346.013
68	336.316	1038.36
69	563.438	977.154
70	313.85	922.887
71	96.452	389.314
72	214.926	1035.06
73	103.847	1467.98
74	633.692	946.096
75	1353.476	1308.062
76	244.988	1879.362
77	909.226	871.186
78	1096.413	872.446
79	93.423	1691.147
80	1034.66	1658.067
81	868.544	1948.982
82	270.749	1612.104
83	816.352	1070.818
84	1607.878	1147.682
85	1083.985	1552.157
86	473.291	328.585
87	1711.42	679.549
88	1385.504	1689.017
89	1601.68	1388.197
90	614.836	1648.956
91	1502.737	805.846
92	440.718	1723.055
93	1843.231	1347.028
94	1369.793	662.168
95	529.129	776.877
96	71.367	1965.155
97	1279.646	855.847
98	978.358	429.583
99	131.505	1081.03
100	46.129	871.193
101	1039.487	239.752
102	1912.54	1396.971
103	1240.213	308.608
104	1349.341	749.333
105	646.952	418.94
106	1574.627	293.559
107	1135.29	858.267
108	721.448	1394.17
109	1503.035	223.213
110	552.069	199.165
111	1731.877	1682.266
112	445.784	1519.77
113	1167.447	1189.895
114	1992.699	1892.535
115	1037.472	1334.388
116	1420.789	471.803
117	391.72	1696.848
118	824.376	1712.888
119	572.628	1335.268
120	723.845	876.672
121	563.974	654.146
122	1847.595	573.903
123	349.612	1528.593
124	1517.021	617.001
125	350.362	938.877
126	1059.795	1980.761
127	1195.548	345.007
128	1313.3	840.633
129	1201.008	1033.209
130	1309.96	1230.13
131	1624.667	1482.736
132	982.668	112.689
133	400.742	545.448
134	233.657	1968.442
135	1299.281	1072.327
136	1901.483	1426.125
137	792.241	686.523
138	1863.703	247.67
139	1152.499	1035.442
140	609.072	1093.118
141	1227.952	1036.839
142	1178.502	831.122
143	1243.431	1688.675
144	1367.167	1515.419
145	1978.732	764.192
146	1965.86	1286.653
147	977.873	810.962
148	764.307	596.867
149	1843.737	1000.685
150	858.032	490.611
151	1336.442	1442.09
152	823.016	879.722
153	1082.113	1741.85
154	164.231	1867.478
155	343.704	1231.412
156	829.449	296.266
157	86.834	483.107
158	1631.342	1754.703
159	703.55	1912.022
160	1437.691	401.853
161	833.462	1918.778
162	1390.53	68.183
163	1517.566	1728.833
164	146.075	348.926
165	674.413	1848.962
166	1043.787	1377.544
167	1854.394	864.513
168	338.14	687.466
169	805.923	45.375
170	1218.761	1583.849
171	500.846	558.933
172	1415.661	1359.564
173	938.235	1418.407
174	106.587	1321.685
175	1902.4	654.974
176	799.613	1500.663
177	1011.576	324.776
178	960.41	1607.364
179	1744.653	1750.672
180	759.975	1021.324
181	958.028	1364.259
182	1673.523	1534.503
183	252.488	594.811
184	931.061	564.149
185	1793.262	1755.12
186	1075.404	730.745
187	1380.682	864.988
188	1522.737	1410.871
189	1328.745	348.749
190	789.457	1745.551
191	346.538	1622.209
192	890.281	1650.115
193	16.107	392.744
194	24.308	33.118
195	1227.599	79.555
196	959.15	1620.025
197	632.623	355.215
198	1409.383	575.576
199	416.528	693.475
200	1390.985	1606.737
201	699.643	1507.331
202	1894.785	484.441
203	430.299	78.868
204	1608.959	345.523
205	1875.823	658.745
206	1782.791	1469.675
207	194.241	1352.227
208	102.235	1452.415
209	707.621	900.743
210	1747.812	266.11
211	1555.73	983.942
212	1015.774	1628.773
213	381.812	1746.098
214	515.015	864.474
215	1177.236	1940.741
216	730.484	1316.411
217	1630.7	1101.883
218	1988.311	482.031
219	888.017	1771.943
220	106.389	1985.773
221	1084.694	788.09
222	636.045	185.706
223	878.525	51.338
224	886.716	1334.324
225	1452.52	1742.14
226	1847.918	542.486
227	1317.759	1053.652
228	1201.658	291.545
229	520.74	486.421
230	657.772	1086.622
231	239.846	1197.377
232	879.184	1731.261
233	457.051	580.562
234	381.785	854.964
235	476.385	462.773
236	1202.047	1891.63
237	1098.81	1435.606
238	1999.88	1682.645
239	874.919	1739.342
240	465.612	1514.133
241	312.79	1982.17
242	1135.367	1237.494
243	1664.713	24.823
244	1970.941	1957.943
245	615.785	632.166
246	621.758	1545.524
247	219.324	638.445
248	30.075	164.199
249	600.557	1352.045
250	324.756	927.421
251	161.589	415.589
252	294.895	470.006
253	1158.978	537.558
254	8.333	18.742
255	264.612	436.02
256	493.933	1980.142
257	1151.598	478.077
258	429.403	373.982
259	1300.975	1794.052
260	934.679	1643.234
261	218.635	30.236
262	1043.656	396.037
263	1780.537	223.084
264	139.653	1736.858
265	108.179	513.753
266	1364.583	718.491
267	1612.213	73.944
268	1973.755	930.319
269	1720.179	34.417
270	1484.064	1501.761
271	1244.616	1602.997
272	120.183	286.379
273	1147.693	292.926
274	1472.893	1805.962
275	1555.849	1286.167
276	1357.775	873.442
277	1379.831	1328.814
278	676.957	329.47
279	1170.74	1745.49
280	1696.292	43.077
281	92.327	60.804
282	915.836	29.602
283	1120.781	306.536
284	1244.257	1173.859
285	1278.75	1092.359
286	495.761	1661.208
287	1739.921	1407.691
288	139.44	1729.149
289	1700.785	1925.307
290	923.465	669.702
291	1397.236	1252.742
292	1847.985	1550.921
293	943.539	1536.479
294	516.626	800.782
295	901.454	1894.299
296	950.23	171.738
297	514.557	1009.752
298	692.572	1066.953
299	993.365	357.838
300	288.55	447.924
301	1607.137	189.271
302	1108.95	303.561
303	1398.451	539.467
304	611.708	1582.206
305	400.912	1103.365
306	1077.361	194.249
307	1540.684	413.165
308	988.15	1063.197
309	180.436	1311.563
310	1432.568	153.499
311	1844.802	1349.371
312	1877.979	526.837
313	901.119	244.241
314	398.841	1486.984
315	855.005	1427.018
316	1201.257	417.08
317	263.63	360.4
318	81.045	1088.747
319	1673.281	699.734
320	1066.485	163.423
321	1209.776	1541.425
322	1085.273	746.562
323	44.169	1982.288
324	1724.77	778.329
325	1821.205	1778.428
326	1214.195	197.213
327	1926.988	1448.392
328	1482.048	734.4
329	1404.102	875.779
330	1912.062	1551.297
331	513.133	1254.655
332	677.859	1190.556
333	306.186	1478.719
334	36.456	1336.693
335	953.391	403.69
336	765.776	1865.89
337	740.598	465.324
338	499.529	444.57
339	1497.177	1977.539
340	1648.001	1966.194
341	945.332	1170.638
342	56.105	1531.731
343	623.852	363.934
344	747.842	522.849
345	1432.136	1812.665
346	1213.954	428.345
347	930.086	682.465
348	64.114	1619.24
349	37.644	1132.305
350	1324.116	444.59
351	1450.057	1015.834
352	1726.827	1347.824
353	247.186	674.551
354	1461.742	176.526
355	74.295	1488.733
356	678.758	325.766
357	1779.112	256.625
358	278.93	1072.964
359	426.582	3.102
360	1751.503	627.48
361	907.177	634.554
362	920.745	175.872
363	331.971	108.528
364	791.918	401.373
365	887.278	554.165
366	1894.609	1944.446
367	1083.343	857.164
368	946.399	1834.449
369	726.236	1541.197
370	1999.597	697.767
371	684.641	1847.178
372	1031.401	86.304
373	1073.938	1884.426
374	1108.702	1058.893
375	1998.131	216.36
376	284.44	32.001
377	1786.004	1955.043
378	973.196	825.824
379	1954.565	1202.092
380	1979.916	1094.128
381	1272.897	533.798
382	1019.414	713.406
383	1470.926	1695.681
384	556.64	1911.224
385	1330.47	1851.273
386	1012.611	1972.441
387	211.947	1322.032
388	235.433	1108.822
389	1823.223	283.235
390	344.44	86.021
391	560.879	1635.003
392	159.956	1316.631
393	1381.797	1256.912
394	1069.716	761.216
395	35.305	1025.207
396	265.97	748.942
397	522.103	1154.235
398	1152.749	174.026
399	1318.646	1820.902
400	1631.852	56.246
401	879.723	389.827
402	564.516	506.982
403	1537.286	865.927
404	565.673	1640.453
405	838.577	978.585
406	19.458	374.665
407	951.747	13.399
408	1013.576	641.975
409	1642.95	437.931
410	1835.276	1901.437
411	102.967	1474.322
412	1171.758	590.042
413	1586.417	1456.861
414	291.218	290.058
415	1615.753	1208.702
416	1668.666	1072.406
417	1112.458	631.671
418	1803.23	1611.5
419	562.209	627.582
420	121.445	1567.7
421	1038.67	1656.639
422	1973.511	1722.776
423	366.691	1548.586
424	1942.369	833.565
425	448.812	1694.713
426	338.216	577.595
427	1471.196	1241.357
428	227.662	1972.042
429	1195.604	1530.424
430	613.319	1196.493
431	1952.503	1020.719
432	1075.852	131.778
433	1654.42	1907.009
434	1724.443	759.109
435	1328.856	304.682
436	1742.784	337.723
437	1202.182	1350.078
438	758.103	3.865
439	556.53	190.123
440	219.498	1671.724
441	1465.167	1182.37
442	216.672	1720.685
443	210.267	782.91
444	1199.045	1040.908
445	450.752	807.07
446	71.879	838.222
447	1757.806	317.432
448	741.543	1583.919
449	1700.262	1426.417
450	1601.24	1763.924
451	942.536	699.666
452	1045.231	744.625
453	1459.393	972.47
454	282.311	843.628
455	719.141	542.804
456	555.311	1508.451
457	1780.559	1563.28
458	1472.514	439.257
459	1738.58	329.794
460	1669.887	1071.302
461	1141.71	1376.958
462	265.711	421.807
463	971.353	1477.761
464	421.135	1182.673
465	901.872	1268.995
466	645.512	1095.15
467	1896.933	1243.847
468	545.389	517.172
469	74.937	1878.378
470	289.975	451.055
471	564.915	1829.109
472	732.966	1854.749
473	245.593	109.073
474	703.191	657.933
475	323.538	1337.759
476	593.006	1915.839
477	560.281	1209.663
478	1475.167	702.105
479	1815.547	1176.508
480	572.971	1344.946
481	595.453	505.653
482	1652.898	1305.329
483	1400.942	1606.213
484	1709.446	223.413
485	902.207	88.557
486	811.845	1367.904
487	1300.293	129.602
488	939.922	786.618
489	123.371	678.85
490	850.896	853.357
491	1215.96	178.188
492	816.722	881.616
493	1986.993	1775.078
494	1804.589	363.802
495	1255.224	960.307
496	260.866	929.909
497	429.115	960.008
498	1872.636	384.588
499	852.559	1475.37
500	552.101	31.192
501	1496.126	278.894
502	116.528	1781.111
503	1369.296	1471.219
504	301.91	1985.96
505	1072.433	1923.613
506	88.246	706.622
507	42.54	1598.705
508	113.739	243.763
509	1760.806	239.295
510	662.816	1000.707
511	462.805	1310.204
512	821.462	1938.912
513	16.383	1529.813
514	1422.964	608.776
515	242.666	1522.509
516	1746.614	1095.781
517	215.718	752.586
518	516.836	1499.258
519	1156.205	41.682
520	622.541	498.363
521	1125.528	40.338
522	1324.488	769.817
523	1244.562	71.338
524	305.624	537.837
525	905.919	751.52
526	1373.482	799.779
527	1076.237	1722.488
528	1431.929	1257.571
529	117.115	1154.457
530	1751.174	792.444
531	1869.946	1691.786
532	1708.425	989.942
533	1331.965	47.03
534	438.068	1270.223
535	1519.865	1322.578
536	543.386	1718.269
537	618.107	1588.845
538	804.524	22.178
539	1938.718	276.001
540	816.876	1560.648
541	1842.645	623.721
542	1800.429	945.638
543	1299.74	1993.419
544	943.818	840.227
545	1073.317	389.004
546	221.329	601.52
547	1747.379	983.986
548	1528.114	1783.105
549	1330.51	1922.667
550	1857.648	1395.845
551	1339.811	1983.942
552	1129.881	1525.521
553	1675.992	337.528
554	571.628	1185.273
555	299.517	515.929
556	897.042	1387.733
557	1995.713	27.027
558	1681.843	350.559
559	903.87	924.962
560	1516.766	1379.906
561	676.725	564.454
562	424.338	598.035
563	1432.805	752.079
564	989.002	983.748
565	1466.826	1627.043
566	9.139	92.642
567	1641.808	78.882
568	897.691	1553.63
569	267.947	1728.889
570	1202.255	1805.17
571	1974.607	1417.852
572	929.719	284.774
573	1197.131	1152.621
574	1692.459	1769.602
575	874.651	1873.239
576	205.325	202.031
577	435.059	1383.055
578	1342.159	1160.369
579	709.375	608.405
580	1442.228	1583.355
581	1713.49	1086.722
582	947.49	1734.083
583	161.334	124.148
584	761.547	360.136
585	600.587	324.702
586	447.254	1981.785
587	834.882	190.184
588	648.121	1672.348
589	723.405	185.315
590	106.52	942.907
591	1060.182	1052.287
592	456.986	1573.983
593	1960.096	772.271
594	911.246	435.729
595	662.925	12.391
596	1365.812	1023.283
597	575.141	1329.093
598	1804.901	734.269
599	1346.573	353.499
600	537.475	414.147
601	512.478	565.76
602	1377.833	1275.693
603	61.905	1328.59
604	1998.137	302.738
605	553.201	1571.514
606	899.329	1909.63
607	246.659	814.654
608	1932.048	1288.831
609	811.861	1713.441
610	1480.828	89.121
611	410.085	1587.121
612	395.428	1126.602
613	768.913	1580.079
614	770.262	1855.241
615	1323.651	1179.725
616	535.146	863.515
617	773.587	1999.594
618	620.329	1612.749
619	146.621	1752.33
620	1887.228	1660.112
621	57.692	937.508
622	1173.146	106.857
623	1714.309	147.125
624	630.1	234.225
625	1362.638	1299.585
626	1347.37	144.049
627	1281.68	1701.642
628	608.603	332.977
629	858.151	1779.993
630	1895.767	1428.143
631	1300.154	905.88
632	1246.022	150.181
633	1726.292	1235.035
634	1956.358	260.288
635	1123.572	1485.178
636	1925.793	1369.369
637	936.645	212.348
638	849.282	1465.143
639	1007.707	948.588
640	903.053	1722.524
641	309.037	1458.946
642	507.42	682.779
643	984.235	348.678
644	587.735	559.071
645	666.487	905.713
646	639.803	1288.323
647	900.7	1892.443
648	1021.137	348.759
649	1037.866	1375.763
650	1708.797	257.961
651	1693.619	1563.24
652	1951.422	71.559
653	231.297	28.295
654	809.431	473.839
655	1231.038	1687.891
656	1743.798	1929.883
657	587.797	1056.419
658	140.1	1922.225
659	1377.304	720.698
660	653.287	785.297
661	1461.897	266.734
662	564.669	88.414
663	456.659	709.688
664	972.308	63.545
665	1356.539	382.908
666	1453.22	971.364
667	113.296	1710.568
668	988.06	474.109
669	718.878	23.083
670	800.809	1227.662
671	881.371	1303.481
672	214.005	218.42
673	527.56	1313.387
674	1238.09	100.259
675	1791.956	973.641
676	631.097	550.17
677	73.861	310.821
678	1672.617	149.574
679	1953.392	1579.842
680	489.976	1730.527
681	617.339	1911.924
682	1869.353	1265.988
683	1088.935	1071.734
684	1356.398	1921.583
685	642.573	430.91
686	216.394	1040.66
687	1669.605	1499.777
688	1425.683	1706.329
689	414.971	1824.068
690	1033.111	1057.867
691	1263.056	1607.758
692	436.574	253.873
693	838.131	1137.005
694	40.2	349.979
695	1574.161	1943.948
696	1085.897	1568.13
697	1226.064	1740.773
698	1902.007	1087.91
699	14.972	408.377
700	467.132	167.857
701	1026.771	499.255
702	739.547	1313.378
703	1291.903	530.355
704	1816.515	1760.235
705	448.613	340.345
706	563.518	1625.596
707	1280.331	1889.481
708	1801.424	1537.311
709	714.364	980.335
710	430.735	8.309
711	1709.736	1548.682
712	546.07	1446.412
713	999.092	1922.816
714	471.08	75.583
715	792.799	903.572
716	526.355	95.395
717	1047.287	1389.036
718	1739.381	1714.307
719	810.691	738.882
720	1598.091	1457.958
721	695.295	1978.254
722	287.552	566.662
723	776.995	1224.124
724	1532.585	1075.744
725	1407.88	93.632
726	595.708	1053.491
727	894.708	1859.037
728	681.842	218.962
729	476.436	164.551
730	758.764	1055.161
731	801.096	584.702
732	767.172	845.53
733	246.118	1154.456
734	58.717	382.621
735	881.176	220.139
736	617.39	610.219
737	480.495	1884.965
738	373.862	331.514
739	804.01	834.267
740	912.688	720.859
741	421.711	1187.857
742	1127.482	222.248
743	1900.778	1461.936
744	675.837	700.118
745	1096.129	541.358
746	1368.469	779.129
747	294.482	345.06
748	178.287	811.252
749	65.249	1307.929
750	993.866	1624.791
751	1014.783	877.877
752	1016.145	677.439
753	1927.466	1166.21
754	39.854	1640.327
755	1368.2	1578.855
756	210.204	697.875
757	1708.603	1588.445
758	1512.723	1381.951
759	1962.68	1683.829
760	1945.741	1294.43
761	1649.855	1156.694
762	218.511	1430.674
763	491.253	242.428
764	1565.83	63.201
765	400.488	1215.039
766	200.783	1041.352
767	468.71	179.543
768	771.309	1193.998
769	915.237	96.926
770	1286.941	692.534
771	1495.05	339.578
772	1589.859	664.645
773	620.719	1691.794
774	1622.464	1904.595
775	1734.513	229.154
776	1711.805	447.987
777	1445.779	1408.639
778	418.251	1136.407
779	1372.733	1560.592
780	207.675	105.837
781	1523.263	1926.986
782	1109.674	1199.236
783	1814.307	478.228
784	1564.008	1611.834
785	126.417	37.638
786	1598.028	1832.905
787	1283.1	1479.086
788	203.348	1856.406
789	740.183	1778.646
790	824.634	1923.864
791	1326.595	806.248
792	1614.152	167.129
793	1605.923	33.396
794	259.617	31.271
795	1117.753	1501.635
796	1644.022	1137.294
797	622.01	1054.65
798	112.009	1369.178
799	807.56	1918.528
800	1869.281	886.71
801	1945.682	762.24
802	743.091	98.186
803	700.293	1927.802
804	1887.533	1340.041
805	1599.373	1767.835
806	1960.679	1377.779
807	1153.44	1958.373
808	171.745	232.67
809	1839.044	626.583
810	195.547	628.611
811	1090.383	500.35
812	160.055	388.777
813	1081.084	1897.867
814	684.882	918.443
815	548.365	754.669
816	1150.605	998.068
817	703.995	1940.181
818	1694.614	268.898
819	394.215	1797.331
820	1564.219	629.854
821	77.18	1666.172
822	122.658	553.108
823	308.386	1386.706
824	635.741	391.44
825	1989.611	210.965
826	1676.03	237.648
827	641.764	1206.332
828	1136.321	1052.556
829	1023.475	308.839
830	1455.199	1461.929
831	608.12	1398.75
832	469.534	815.893
833	513.686	1207.596
834	378.067	1938.735
835	186.23	480.05
836	782.819	478.798
837	1336.435	1756.533
838	406.041	594.43
839	1997.081	1404.586
840	438.771	1770.26
841	921.308	1774.106
842	193.814	1470.122
843	1400.722	525.73
844	129.091	493.582
845	1645.927	594.34
846	1990.362	339.722
847	1052.945	141.164
848	744.26	1590.737
849	291.233	1499.414
850	604.748	1529.627
851	1056.246	1488.041
852	194.243	1700.36
853	1785.192	1348.145
854	711.443	1964.399
855	59.582	1335.587
856	1359.529	1329.236
857	1360.749	1333.826
858	858.144	730.673
859	1456.001	867.46
860	295.017	178.925
861	198.507	863.099
862	1758.143	1197.963
863	480.277	1362.541
864	1408.321	1775.423
865	391.389	1261.405
866	1495.301	698.927
867	155.06	406.931
868	1425.001	502.925
869	768.342	209.839
870	1224.243	322.363
871	1420.891	1227.897
872	1532.223	210.926
873	534.835	912.592
874	1596.223	1638.625
875	624.295	1493.338
876	1681.276	1021.314
877	1638.615	781.531
878	1673.046	23.378
879	1134.236	347.722
880	1969.253	1154.8
881	725.258	1436.574
882	1642.892	1270.63
883	28.159	1318.44
884	1823.744	491.896
885	1398.326	939.275
886	553.036	1314.022
887	465.663	1855.152
888	1157.219	61.711
889	426.207	1977.375
890	1996.271	1406.227
891	1923.151	65.884
892	361.11	7.213
893	594.545	1098.226
894	707.241	418.592
895	1520.194	1652.121
896	371.397	1233.946
897	296.227	787.611
898	1906.972	7.269
899	1777.761	1756.538
900	46.759	1975.163
901	1133.975	1686.662
902	105.595	91.726
903	246.719	740.781
904	995.818	503.728
905	1266.018	1591.339
906	448.782	605.316
907	411.193	463.052
908	1601.763	1659.684
909	1423.673	628.557
910	289.203	506.137
911	1357.7	1507.396
912	1624.193	1709.123
913	528.124	568.107
914	551.994	602.93
915	230.208	549.161
916	1442.588	1695.589
917	710.222	317.346
918	504.483	902.558
919	716.342	1149.472
920	543.776	7.642
921	666.096	1655.267
922	1511.946	560.394
923	976.395	795.901
924	248.754	1457.645
925	143.162	1502.327
926	570.767	1150.655
927	229.888	1963.739
928	881.399	814.032
929	1027.906	1441.251
930	1285.019	1715.849
931	785.984	467.128
932	275.565	1578.829
933	1572.83	250.744
934	939.23	527.929
935	1533.369	268.037
936	761.187	647.668
937	1028.179	1703.01
938	57.977	137.596
939	380.877	402.106
940	65.237	1088.615
941	900.061	564.707
942	1339.822	934.283
943	1048.42	208.277
944	161.832	1908.872
945	848.68	267.475
946	840.515	1073.451
947	1176.461	738.164
948	1375.842	735.271
949	1091.432	1252.843
950	1232.494	1411.416
951	1055.202	1146.844
952	1643.363	624.4
953	777.86	728.711
954	1272.405	1881.478
955	1321.733	679.436
956	1426.831	1945.849
957	670.82	1408.331
958	1966.812	936.776
959	92.736	1425.918
960	1726.022	691.508
961	597.028	90.679
962	725.751	281.761
963	900.325	1415.486
964	114.325	1087.276
965	1302.226	1760.673
966	1914.922	128.113
967	575.254	1078.166
968	1815.319	1632.07
969	1888.932	1104.039
970	815.172	809.399
971	692.137	383.614
972	1696.418	1013.422
973	1047.048	1202.356
974	269.098	1704.423
975	831.151	1413.978
976	334.105	647.553
977	626.261	1092.36
978	1891.489	1840.678
979	1110.899	322.227
980	616.049	1045.307
981	730.854	594.106
982	77.98	822.951
983	956.996	311.261
984	587.432	782.657
985	130.069	406.06
986	94.869	96.186
987	1545.597	536.841
988	1973.77	426.172
989	1470.423	976.854
990	147.757	385.349
991	1975.373	158.95
992	1900.471	1566.876
993	899.866	791.169
994	1400.181	1249.364
995	825.88	780.649
996	1057.133	1155.671
997	934.867	1056.808
998	454.506	701.096
999	473.494	1269.504
1000	1636.301	1504.571
1001	1461.377	753.895
1002	113.73	55.51
1003	790.586	600.987
1004	205.317	1829.443
1005	617.792	1651.379
1006	116.871	1050.192
1007	172.909	1343.038
1008	886.227	898.019
1009	1328.938	1437.101
1010	1961.523	680.219
1011	1339.815	624.952
1012	1617.603	1228.966
1013	1801.136	1530.394
1014	688.702	1400.961
1015	1474.718	1547.525
1016	1441.418	40.135
1017	620.141	1357.943
1018	1306.621	969.495
1019	1718.647	472.269
1020	916.299	163.302
1021	1373.458	967.722
1022	160.861	628.015
1023	1512.282	1618.167
1024	1386.155	1809.371
1025	829.713	1327.763
1026	1392.846	1444.54
1027	312.897	1203.998
1028	441.052	629.289
1029	1341.907	729.227
1030	730.708	1189.299
1031	113.174	842.841
1032	927.854	1294.361
1033	138.455	1879.092
1034	235.878	722.225
1035	1408.744	1902.161
1036	1825.917	300.971
1037	1897.397	1931.413
1038	1363.366	1745.546
1039	394.367	613.639
1040	97.61	307.675
1041	1762.629	213.335
1042	1740.389	1105.713
1043	1088.147	1833.191
1044	37.558	382.668
1045	433.206	585.338
1046	623.785	1560.998
1047	1168.991	871.59
1048	1657.6	676.968
1049	1970.373	1781.068
1050	650.776	1830.417
1051	1759.046	955.017
1052	241.065	441.425
1053	1943.715	524.303
1054	495.709	1394.385
1055	1813.647	1077.676
1056	857.183	1406.894
1057	1819.802	1152.741
1058	1388.987	276.241
1059	509.045	390.726
1060	1750.549	1202.617
1061	1244.433	1669.13
1062	1116.81	1250.552
1063	957.102	1753.208
1064	210.718	1259.608
1065	1256.754	1852.891
1066	1107.143	497.524
1067	402.533	159.545
1068	1426.414	562.087
1069	1407.499	700.287
1070	1978.081	1614.178
1071	1445.291	1440.901
1072	1129.433	418.379
1073	517.031	505.76
1074	995.986	61.38
1075	94.058	1422.019
1076	1891.054	670.22
1077	11.845	976.562
1078	642.13	450.675
1079	950.642	1710.052
1080	1691.277	686.397
1081	1063.315	1116.391
1082	649.763	1145.324
1083	826.018	610.917
1084	582.431	362.625
1085	1938.732	291.419
1086	964.218	1822.445
1087	518.634	811.14
1088	1722.193	1288.478
1089	1098.15	266.506
1090	642.161	1228.029
1091	1429.014	995.743
1092	989.883	324.51
1093	801.365	398.942
1094	1162.291	1863.941
1095	1694.088	1041.454
1096	681.527	92.87
1097	537.899	1289.77
1098	1447.305	509.615
1099	1456.218	754.53
1100	846.826	130.977
1101	1797.911	1430.326
1102	208.597	178.843
1103	156.578	1330.872
1104	1125.971	545.812
1105	1666.053	1093.244
1106	1377.922	1469.455
1107	1748.214	1634.662
1108	1065.346	1280.848
1109	1517.653	1718.674
1110	1824.406	753.525
1111	1753.921	366.878
1112	48.391	1434.137
1113	8.556	1704.329
1114	753.607	1962.687
1115	736.166	1891.518
1116	1501.077	1971.571
1117	513.327	1284.7
1118	587.743	1920.772
1119	1046.773	260.954
1120	1883.183	1997.673
1121	315.188	1224.966
1122	739.112	1264.019
1123	1331.756	937.437
1124	871.918	749.675
1125	1042.472	1483.748
1126	173.959	1694.674
1127	1322.329	304.33
1128	296.35	727.361
1129	111.347	421.294
1130	413.556	990.368
1131	1428.286	1805.231
1132	320.803	1419.424
1133	1181.956	259.585
1134	301.856	1516.668
1135	1922.23	1898.952
1136	468.986	803.452
1137	719.085	1338.589
1138	254.001	814.953
1139	1827.224	1077.912
1140	783.919	1910.029
1141	1209.931	1057.228
1142	1221.743	674.997
1143	1265.042	842.823
1144	1080.179	1970.535
1145	1565.288	757.817
1146	60.047	1654.014
1147	1745.754	970.74
1148	825.061	1602.286
1149	357.032	483.065
1150	1096.366	768.445
1151	283.336	46.878
1152	1296.156	1377.495
1153	862.659	1661.365
1154	351.799	771.83
1155	1852.306	901.565
1156	1205.08	935.685
1157	437.592	1758.474
1158	1503.099	1167.964
1159	1411.557	1175.189
1160	451.577	1419.457
1161	1065.813	1900.902
1162	1706.416	1465.474
1163	1126.571	818.265
1164	650.294	1315.18
1165	1222.535	385.181
1166	1611.541	555.044
1167	234.102	168.893
1168	1774.793	1981.72
1169	893.29	1407.046
1170	857.131	798.091
1171	820.468	1276.215
1172	1211.509	286.597
1173	1072.445	197.123
1174	1429.768	1022.866
1175	1881.257	1669.963
1176	1084.974	398.967
1177	1108.286	297.814
1178	457.011	1789.126
1179	1440.325	401.2
1180	1130.301	690.54
1181	434.076	69.903
1182	1964.183	1129.401
1183	404.826	537.579
1184	1052.992	1243.674
1185	1551.207	927.712
1186	1897.925	1887.44
1187	1284.565	1105.196
1188	734.651	1664.023
1189	525.91	1413.713
1190	1930.363	344.791
1191	1122.487	1575.132
1192	1454.684	609.921
1193	965.118	1242.653
1194	112.504	1647.955
1195	197.987	906.061
1196	1082.38	385.983
1197	1164.332	359.057
1198	1911.834	555.609
1199	258.402	271.19
1200	317.809	1216.394
1201	1934.706	1531.272
1202	1467.963	35.584
1203	868.984	506.396
1204	249.018	1785.557
1205	952.173	745.231
1206	850.777	1610.453
1207	3.239	1657.55
1208	27.65	1059.12
1209	958.146	537.287
1210	494.187	1003.263
1211	169.441	327.315
1212	1506.925	1687.8
1213	467.408	1319.203
1214	1504.862	930.194
1215	1329.595	1847.834
1216	565.025	1512.263
1217	446.988	1685.55
1218	956.582	619.647
1219	743.013	1309.456
1220	133.826	1967.851
1221	1417.378	1529.289
1222	750.99	590.847
1223	851.811	13.229
1224	1345.925	1337.862
1225	1646.406	984.018
1226	1352.908	1749.567
1227	409.095	1536.874
1228	1764.584	1488.529
1229	565.244	338.189
1230	845.09	1056.316
1231	504.65	1350.636
1232	128.436	1858.164
1233	1376.204	1069.682
1234	437.488	1969.679
1235	1651.234	42.318
1236	144.213	927.14
1237	833.863	936.058
1238	1477.008	883.313
1239	1426.908	442.217
1240	219.686	429.538
1241	735.068	1.835
1242	1335.638	1071.512
1243	1687.454	448.737
1244	1457.283	1140.841
1245	785.632	1137.373
1246	1333.064	1538.852
1247	134.701	351.997
1248	1870.956	1778.179
1249	1534.24	1252.322
1250	544.133	41.009
1251	1573.768	1280.569
1252	136.712	1411.96
1253	1170.914	1309.565
1254	1002.008	941.435
1255	287.638	206.999
1256	247.492	1115.313
1257	824.703	1660.846
1258	1974.848	402.221
1259	208.645	1543.234
1260	1226.791	224.485
1261	479.562	1163.255
1262	1396.415	507.326
1263	568.099	1860.368
1264	1743.447	1630.298
1265	37.195	0.311
1266	1521.297	388.385
1267	112.522	1036.328
1268	68.274	1961.14
1269	488.096	352.949
1270	1181.925	1262.765
1271	796.773	1211.372
1272	1290.435	1391.88
1273	681.618	1632.688
1274	792.823	336.862
1275	1142.721	755.285
1276	785.041	1088.417
1277	1505.062	1667.95
1278	1450.219	1003.273
1279	1878.746	1762.046
1280	1613.894	1325.165
1281	1460.959	884.999
1282	1797.952	427.498
1283	1539.619	1835.756
1284	1526.289	476.343
1285	509.943	1401.386
1286	1736.457	1448.563
1287	1357.099	1370.667
1288	489.253	1018.849
1289	871.32	1600.348
1290	1052.441	1351.454
1291	385.432	1608.932
1292	122.795	323.837
1293	1963.91	746.773
1294	52.074	776.74
1295	309.441	394.028
1296	1086.078	551.467
1297	1748.351	1876.024
1298	270.122	716.053
1299	1150.262	34.452
1300	1018.047	71.065
1301	1010.38	543.837
1302	1980.816	1834.041
1303	1643.775	693.588
1304	534.669	1338.469
1305	420.667	709.051
1306	881.466	1202.822
1307	1633.296	1808.143
1308	1032.409	1523.996
1309	1024.057	1668.621
1310	1580.636	532.528
1311	16.742	166.243
1312	261.018	234.645
1313	1740.166	1658.194
1314	1228.965	813.251
1315	1354.351	1751.206
1316	531.861	1470.018
1317	1178.006	897.667
1318	1738.918	1962.717
1319	579.881	13.853
1320	266.057	1634.078
1321	1494.662	1595.198
1322	961.161	1303.768
1323	1859.306	81.785
1324	161.11	1690.273
1325	1951.173	1821.102
1326	1670.931	976.805
1327	1714.793	130.59
1328	1627.264	1680.428
1329	1793.719	1123.253
1330	1439.255	546.913
1331	1167.799	1755.02
1332	1941.644	1984.339
1333	287.999	974.881
1334	189	14.312
1335	1918.329	839.513
1336	931.274	814.853
1337	1819.669	164.246
1338	1353.282	84.678
1339	1388.963	157.881
1340	1843.136	1551.346
1341	331.202	1158.559
1342	1071.459	64.369
1343	1668.851	516.571
1344	1969.835	332.757
1345	1478.147	1876.636
1346	1880.148	975.312
1347	620.666	1552.683
1348	218.235	1963.997
1349	177.838	1542.403
1350	345.706	1342.514
1351	1309.895	105.01
1352	1363.774	1846.793
1353	712.235	964.315
1354	290.943	957.552
1355	1313.574	651.543
1356	1941.694	1928.415
1357	1096.53	1058.987
1358	1917.811	1129.951
1359	30.328	999.795
1360	476.524	1398.266
1361	519.944	1883.91
1362	1957.275	1057.929
1363	1819.621	865.92
1364	148.833	1546.588
1365	1117.383	1992.468
1366	1776.931	966.515
1367	1617.795	764.212
1368	774.2	583.256
1369	1036.124	548.852
1370	1532.625	853.766
1371	1605.396	715.266
1372	1040.022	945.795
1373	874.637	1342.923
1374	1522.01	294.111
1375	1090.355	572.272
1376	416.88	488.45
1377	178.908	16.897
1378	380.165	1327.193
1379	34.609	974.897
1380	1673.174	63.597
1381	831.85	983.813
1382	298.156	1377.645
1383	1853.892	90.367
1384	358.336	1241.564
1385	749.123	419.382
1386	272.892	1805.309
1387	1130.271	1124.508
1388	406.211	73.735
1389	216.236	1298.445
1390	582.18	1251.594
1391	1241.138	970.032
1392	531.825	1937.003
1393	770.036	1209.957
1394	864.025	1298.757
1395	307.661	902.871
1396	1609.594	1746.996
1397	8.796	1752.869
1398	1631.889	975.935
1399	506.235	1611.969
1400	604.958	1499.519
1401	1066.619	824.307
1402	990.331	256.143
1403	777.21	1578.391
1404	1161.638	1998.499
1405	3.092	950.143
1406	1759.106	848.116
1407	1810.25	1234.651
1408	818.515	176.296
1409	1561.159	1876.763
1410	1490.27	1176.411
1411	724.557	1791.596
1412	1497.644	1948.029
1413	1547.411	1358.965
1414	1354.213	381.159
1415	531.51	306.83
1416	1123.148	1440.327
1417	1894.584	1996.695
1418	1725.997	851.434
1419	388.761	32.968
1420	916.014	1732.669
1421	338.596	1462.494
1422	1232.062	425.621
1423	1315.389	654.348
1424	60.518	1913.188
1425	1910.326	1470.994
1426	1600.158	1054.422
1427	961.735	663.767
1428	1893.968	370.019
1429	621.287	111.139
1430	1278.454	1794.893
1431	746.532	897.055
1432	247.851	1258.644
1433	991.739	758.546
1434	1183.902	717.813
1435	121.189	850.819
1436	1142.928	93.453
1437	552.017	1855.825
1438	552.416	790.755
1439	1876.653	641.256
1440	1284.603	1565.991
1441	53.395	1007.948
1442	530.752	1534.556
1443	1235.691	250.672
1444	1650.181	1934.558
1445	1867.267	602.208
1446	99.933	1002.482
1447	402.314	750.832
1448	346.049	991.359
1449	1623.354	1588.335
1450	1848.46	973.501
1451	566.285	226.885
1452	1301.779	338.383
1453	1169.42	1857.638
1454	1345.776	1929.173
1455	97.289	1214.66
1456	456.509	8.049
1457	1834.462	344.002
1458	1836.029	590.217
1459	1464.241	967.274
1460	104.99	416.292
1461	879.923	722.56
1462	1368.053	1765.052
1463	1052.827	1124.235
1464	359.155	431.092
1465	1018.698	776.66
1466	429.25	1592.601
1467	748.458	1585.313
1468	283.12	1048.857
1469	102.375	1215.24
1470	1795.629	1491.542
1471	436.517	1908.037
1472	1526.374	667.024
1473	744.613	1916.764
1474	486.055	729.57
1475	1558.93	618.562
1476	1461.762	1809.919
1477	744.317	1339.426
1478	592.73	758.374
1479	1096.284	1617.772
1480	1815.964	1195.066
1481	1000.004	1700.645
1482	661.589	189.806
1483	1091.023	287.787
1484	1542.673	272.162
1485	1271.399	1920.119
1486	1027.049	249.069
1487	1972.082	821.948
1488	512.077	1474.392
1489	1122.57	1040.021
1490	253.337	747.473
1491	308.202	1848.851
1492	1317.222	602.968
1493	1168.25	1107.629
1494	1793.973	967.175
1495	1619.032	638.836
1496	1663.669	1759.953
1497	931.313	64.954
1498	1953.974	1719.754
1499	875.954	1430.735
1500	290.22	1021.279
1501	129.043	860.815
1502	886.575	40.96
1503	686.882	75.236
1504	1428.956	1241.744
1505	155.577	756.345
1506	713.343	1481.694
1507	919.467	308.873
1508	308.719	1646.998
1509	1479.848	1125.731
1510	1990.28	691.461
1511	141.435	1770.829
1512	1277.287	554.596
1513	1209.332	214.652
1514	1442.969	1424.743
1515	593.296	1064.934
1516	1777.123	587.626
1517	1402.142	891.306
1518	790.049	1125.578
1519	121.437	1791.838
1520	1711.733	1843.357
1521	1029.188	1150.383
1522	1548.308	1079.208
1523	1504.228	265.774
1524	1943.969	1310.919
1525	1778.351	1349.196
1526	1300.769	1705.482
1527	1635.906	415.616
1528	1887.817	335.655
1529	471.284	156.067
1530	1649.069	398.047
1531	1722.555	1572.077
1532	1918.936	1640.228
1533	1388.535	260.46
1534	808.194	960.404
1535	171.287	1000.762
1536	1284.29	715.057
1537	1935.802	1838.642
1538	1688.581	1103.833
1539	503.55	1161.916
1540	1671.859	1079.449
1541	1843.531	1686.578
1542	1726.658	368.457
1543	1548.697	1285.13
1544	1899.085	1147.63
1545	1278.344	1596.822
1546	1523.122	1348.739
1547	641.922	1056.278
1548	1956.531	1476.935
1549	106.757	1881.06
1550	676.25	1561.478
1551	1032.511	1041.617
1552	1893.498	725.784
1553	1672.753	485.551
1554	943.325	1942.646
1555	1005.315	204.422
1556	1566.641	618.958
1557	516.347	496.066
1558	953.932	1841.983
1559	1526.249	1037.248
1560	1473.918	1996.848
1561	484.571	1661.03
1562	163.883	826.858
1563	660.401	292.029
1564	21.691	1473.848
1565	433.768	999.486
1566	1216.135	1770.76
1567	282.475	1765.137
1568	478.751	1679.563
1569	1948.073	776.886
1570	1527.218	1073.203
1571	1730.612	506.613
1572	286.036	1511.802
1573	709.622	1597.647
1574	1593.091	1391.05
1575	11.031	1036.536
1576	1693.798	1907.433
1577	680.608	553.836
1578	1750.275	860.821
1579	1055.226	566.512
1580	1553.386	85.032
1581	1044.938	1065.963
1582	763.072	1330.727
1583	506.163	818.854
1584	309.328	280.418
1585	1338.959	1235.032
1586	381.757	1993.192
1587	1331.833	260.136
1588	161.951	1874.945
1589	1429.844	71.931
1590	1505.896	1808.24
1591	1303.7	1976.666
1592	1196.528	43.654
1593	319.562	559.062
1594	1066.63	1431.9
1595	1762.404	1944.876
1596	1645.063	273.633
1597	1186.79	425.005
1598	1300.138	1110.901
1599	332.082	566.328
1600	803.893	738.302
1601	1178.823	1668.477
1602	1692.286	1924.208
1603	1601.22	1519.582
1604	1801.713	110.009
1605	419.283	908.614
1606	1897.745	456.466
1607	1236.079	1738.077
1608	229.739	904.79
1609	1550.316	350.551
1610	141.436	1303.648
1611	876.234	905.052
1612	1924.922	1219.876
1613	1410.802	1817.342
1614	1273.084	777.966
1615	351.524	1241.181
1616	1669.436	1669.331
1617	844.91	1298.737
1618	976.34	448.43
1619	1199.983	470.527
1620	1543.494	331.067
1621	944.346	870.606
1622	647.429	1783.836
1623	1820.269	82.097
1624	1621.628	1734.782
1625	1196.439	777.746
1626	1248.336	319.492
1627	1407.22	1782.692
1628	148.666	387.079
1629	261.196	175.19
1630	615.739	1201.806
1631	916.324	308.846
1632	1155.05	1429.777
1633	413.443	1176.649
1634	411.805	344.249
1635	1464.738	170.32
1636	884.148	37.784
1637	1514.009	1366.749
1638	402.384	1794.539
1639	350.584	1364.489
1640	559.396	453.045
1641	279.467	937.747
1642	638.728	1397.344
1643	977.216	895.709
1644	1604.468	889.056
1645	1196.275	306.635
1646	1890.974	1330.273
1647	1971.481	1203.81
1648	413.711	777.288
1649	1966.845	1761.177
1650	96.172	122.279
1651	1761.562	200.418
1652	779.57	304.809
1653	1833.153	132.275
1654	1646.342	27.737
1655	1528.761	769.777
1656	1130.663	1582.556
1657	845.903	1412.535
1658	749.955	1092.232
1659	1094.874	738.543
1660	1864.801	1374.344
1661	1390.696	1131.682
1662	173.915	409.966
1663	546.338	1272.588
1664	1006.39	1417.447
1665	200.865	1402.093
1666	642.99	186.01
1667	559.636	469.637
1668	1375.033	1152.355
1669	1875.122	1750.619
1670	473.711	1742.666
1671	87.051	903.794
1672	1215.727	466.734
1673	1339.608	331.735
1674	1868.577	530.571
1675	542.478	1098.817
1676	382.633	616.62
1677	587.028	1506.457
1678	723.213	109.038
1679	1680.621	708.134
1680	1106.071	683.892
1681	632.083	144.01
1682	764.962	989.105
1683	1544.736	549.072
1684	620.56	1896.804
1685	1336.673	1567.908
1686	366.74	1708.334
1687	218.101	1011.878
1688	1345.106	182.676
1689	183.441	1289.593
1690	53.843	1062.863
1691	355.914	328.127
1692	72.205	229.217
1693	1046.887	1649.599
1694	91.176	1445.818
1695	1987.133	35.008
1696	1844.733	1652.821
1697	1319.909	16.381
1698	680.22	1266.552
1699	400.684	463.344
1700	1032.582	409.528
1701	1417.053	868.826
1702	1429.079	464.146
1703	664.446	1554.761
1704	1173.881	399.259
1705	25.015	1665.921
1706	948.799	1306.283
1707	1495.898	1492.424
1708	102.954	1439.74
1709	1546.768	22.381
1710	970.519	1156.066
1711	1301.295	875.74
1712	1913.227	890.496
1713	1263.83	1731.427
1714	1647.137	1603.644
1715	1445.583	1328.778
1716	1236.892	419.086
1717	329.755	1991.811
1718	906.099	109.283
1719	1843.018	1143.188
1720	724.934	1295.646
1721	550.427	792.395
1722	1525.037	1525.587
1723	612.514	782.287
1724	1905.612	1332.273
1725	900.474	1428.573
1726	1672.132	535.859
1727	1512.953	1408.421
1728	1145.954	59.985
1729	1402.306	579.246
1730	802.252	1743.798
1731	1513.75	430.666
1732	797.841	1115.887
1733	947.397	576.627
1734	1591.856	1218.403
1735	1202.739	889.954
1736	898.883	656.429
1737	1428.411	808.971
1738	173.489	1536.844
1739	0.886	512.007
1740	363.368	848.59
1741	579.027	1786.317
1742	1319.777	1100.012
1743	1463.592	54.301
1744	283.743	289.085
1745	51.797	692.76
1746	1480.768	156.851
1747	1747.601	22.551
1748	1712.303	116.824
1749	1625.192	686.017
1750	1471.937	1174.79
1751	612.65	1842.965
1752	1064.785	1979.304
1753	1880.825	434.107
1754	1436.563	1420.559
1755	358.842	1323.809
1756	37.985	1640.027
1757	1357.068	1890.944
1758	1059.605	1508.479
1759	609.989	1435.746
1760	172.206	704.283
1761	1803.458	578.288
1762	248.893	720.016
1763	347.173	341.702
1764	896.882	13.46
1765	521.037	1896.386
1766	1572.451	1289.521
1767	505.95	301.774
1768	1939.982	1851.427
1769	976.621	1494.152
1770	821.836	1547.716
1771	1050.388	1764.552
1772	1951.301	913.933
1773	1381.887	1876.841
1774	211.29	1554.506
1775	67.401	1724.834
1776	1139.824	749.584
1777	958.013	452.09
1778	1576.631	468.234
1779	1188.509	528.816
1780	1607.076	1707.396
1781	1810.274	1715.596
1782	721.041	705.108
1783	96.601	626.6
1784	1779.459	43.243
1785	561.097	1101.365
1786	394.736	540.064
1787	1861.618	1537.954
1788	1418.243	1661.289
1789	1812.993	1067.427
1790	382.622	92.447
1791	1615.725	1059.092
1792	787.605	1193.197
1793	338.595	838.726
1794	1595.246	656.878
1795	734.716	285.223
1796	198.495	114.842
1797	1658.146	460.351
1798	631.656	108.059
1799	794.397	1673.09
1800	1696.807	1782.611
1801	1135.239	1052.631
1802	11.167	1840.709
1803	485.613	432.603
1804	855.465	1530.658
1805	532.319	1024.318
1806	575.906	1861.05
1807	1749.562	326.45
1808	1.617	939.76
1809	1998.547	103.765
1810	1998.191	1606.09
1811	976.921	954.973
1812	841.945	1393.386
1813	1427.374	326.349
1814	1049.906	981.549
1815	1836.928	114.312
1816	1519.597	1043.248
1817	1228.666	241.215
1818	703.607	1012.671
1819	887.711	1449.619
1820	1353.355	1349.442
1821	1948.314	1718.494
1822	161.135	545.855
1823	737.261	312.77
1824	260.265	1618.597
1825	1998.571	162.3
1826	340.842	257.955
1827	1271.656	1701.508
1828	413.452	75.024
1829	592.777	1380.657
1830	1712.385	1262.57
1831	1107.994	248.071
1832	109.179	1462.662
1833	410.861	345.321
1834	398.507	486.681
1835	253.568	1595.441
1836	1996.219	1499.296
1837	287.015	565.544
1838	383.198	1702.807
1839	1983.425	327.708
1840	713.306	1683.862
1841	340.938	708.194
1842	207.926	267.467
1843	1977.046	1406.84
1844	137.767	1539.335
1845	1258.195	1344.23
1846	1444.708	361.399
1847	1651.509	1899.083
1848	783.774	1264.414
1849	1658.748	400.124
1850	973.479	277.875
1851	653.148	1226.968
1852	587.625	917.005
1853	558.79	491.032
1854	1393.062	204.166
1855	1179.05	1412.198
1856	1984.847	1898.332
1857	757.041	513.481
1858	1102.138	914.389
1859	1063.828	1804.34
1860	1673.489	90.923
1861	1577.221	1143.387
1862	1059.467	420.093
1863	1650.917	1632.363
1864	451.497	138.268
1865	920.771	1837.883
1866	1569.774	1616.161
1867	1416.044	1958.024
1868	1815.492	996.613
1869	298.762	342.666
1870	1156.635	1322.778
1871	1942.189	1303.757
1872	780.747	461.37
1873	1682.175	674.182
1874	1454.218	752.514
1875	1840.43	241.009
1876	1227.107	1761.256
1877	1317.829	415.836
1878	1046.263	154.447
1879	1932.722	1770.092
1880	1550.202	1938.743
1881	746.497	332.003
1882	1890.249	1537.568
1883	1556.291	949.476
1884	76.513	1697.739
1885	847.645	1855.921
1886	1160.191	1170.863
1887	869.335	1123.023
1888	296.743	1023.271
1889	1507.977	162.145
1890	701.821	439.311
1891	423.808	221.87
1892	1228.599	694.419
1893	1413.694	190.14
1894	1046.19	1222.135
1895	121.386	1487.916
1896	1169.333	1477.68
1897	387.153	788.049
1898	1833.816	1534.637
1899	1437.109	1258.202
1900	1860.731	1276.614
1901	1850.901	757.668
1902	825.403	105.114
1903	617.759	692.374
1904	1673.331	1821.084
1905	525.504	107.007
1906	1164.806	1142.548
1907	1365.535	979.794
1908	1424.247	615.806
1909	1112.366	1720.215
1910	1743.9	497.539
1911	1189.133	4.338
1912	256.822	222.799
1913	584.712	1187.796
1914	1088.904	1954.581
1915	1085.626	1844.403
1916	1579.835	1027.567
1917	616.117	36.106
1918	101.213	113.075
1919	1644.725	566.517
1920	1175.047	1674.362
1921	627.719	148.701
1922	1816.173	455.228
1923	721.463	1620.073
1924	628.5	1157.61
1925	895.787	1199.457
1926	1152.353	214.485
1927	1598.673	1531.597
1928	758.401	1741.282
1929	1323.985	1356.847
1930	15.775	571.378
1931	1800.309	1333.657
1932	1142.261	1412.472
1933	764.132	1130.679
1934	598.555	1551.969
1935	733.85	1872.168
1936	1584.428	1856.346
1937	794.394	1855.983
1938	1245.508	1255.816
1939	449.945	1214.496
1940	1939.429	1035.354
1941	1355.827	1991.703
1942	1281.792	1767.169
1943	1174.302	1847.359
1944	31.057	1564.162
1945	1413.672	1592.433
1946	134.843	405.71
1947	835.252	1068.373
1948	561.074	1748.839
1949	359.387	130.546
1950	1878.723	192.121
1951	1099.333	285.472
1952	1560.296	987.55
1953	323.795	1491.04
1954	506.143	1391.701
1955	89.92	1878.243
1956	259.404	1502.195
1957	451.323	460.917
1958	1504.316	1865.777
1959	1624.7	1405.216
1960	917.166	1174.929
1961	947.864	898.532
1962	777.828	1913.243
1963	979.133	1785.702
1964	1746.914	40.706
1965	1695.48	570.333
1966	1553.606	5.678
1967	752.016	1501.139
1968	1596.04	663.671
1969	1413.383	1009.136
1970	1014.407	247.154
1971	1160.647	726.722
1972	1557.7	1714.458
1973	447.891	1746.059
1974	1111.631	1803.727
1975	533.645	348.865
1976	778.982	632.71
1977	594.154	1329.693
1978	1158.901	442.753
1979	766.473	1217.624
1980	704.711	461.814
1981	811.601	1514.872
1982	485.1	587.889
1983	896.815	1917.147
1984	665.98	288.419
1985	688.993	121.87
1986	488.741	536.81
1987	1504.343	1510.901
1988	1737.105	543.498
1989	627.146	1800.138
1990	1184.911	1255.287
1991	991.484	475.602
1992	313.335	626.692
1993	13.657	428.746
1994	872.855	1215.227
1995	1440.909	420.337
1996	38.217	1436.023
1997	1256.842	971.614
1998	1937.515	810.176
1999	866.084	247.105
2000	596.071	1432.881
2001	254.33	1773.011
2002	1600.958	1480.078
2003	1681.375	1189.305
2004	386.1	482.755
2005	958.836	1621.093
2006	1722.576	1349.97
2007	1351.898	1397.399
2008	513.847	1279.884
2009	1507.058	1144.341
2010	1448.025	1262.536
2011	589.716	234.768
2012	236.626	348.976
2013	322.99	1739.261
2014	867.37	1868.513
2015	272.884	1377.858
2016	1858.858	212.124
2017	1544.778	1300.276
2018	662.625	1653.588
2019	1571.541	1400.5
2020	273.878	1339.397
2021	110.381	1466.241
2022	1522.853	1940.234
2023	1367.739	807.177
2024	530.386	1195.984
2025	345.284	1887.795
2026	230.667	1658.804
2027	289.62	1776.055
2028	76.982	777.173
2029	588.889	1822.59
2030	657.779	228.119
2031	1895.293	878.125
2032	1896.546	418.003
2033	1020.205	1947.911
2034	1002.854	1490.307
2035	1515.275	241.088
2036	1118.54	404.436
2037	1548.109	1191.554
2038	1121.384	122.957
2039	770.43	1437.466
2040	1139.603	69.972
2041	1087.107	102.773
2042	462.489	1563.484
2043	1045.403	372.199
2044	1203.274	191.894
2045	1018.084	504.964
2046	801.36	944.795
2047	1854.909	1915.177
2048	1879.029	1703.46
2049	1008.528	1224.543
2050	916.998	1230.29
2051	959.998	18.499
2052	697.59	1064.237
2053	707.883	741.552
2054	1549.004	2.65
2055	1363.565	1834.259
2056	29.56	1658.128
2057	183.699	218.658
2058	214.713	1303.06
2059	812.372	58.002
2060	1902.008	149.187
2061	1307.931	771.163
2062	822.512	1103.041
2063	1200.631	825.157
2064	333.531	346.995
2065	1524.863	737.581
2066	845.578	1930.387
2067	904.671	757.524
2068	373.484	1835.541
2069	1818.519	1428.504
2070	1087.472	90.617
2071	1074.046	1379.394
2072	1559.939	306.422
2073	1184.842	976.154
2074	1915.822	1603.819
2075	951.671	1203.849
2076	398.138	1299.016
2077	1723.848	951.251
2078	1489.016	1645.156
2079	293.743	475.1
2080	1911.774	913.64
2081	961.313	1972.265
2082	152.096	592.663
2083	1394.789	783.023
2084	1263.811	1170.999
2085	522.139	1436.116
2086	918.637	1714.315
2087	1790.66	1390.327
2088	1053.81	1011.803
2089	795.854	354.081
2090	233.165	1099.094
2091	1700.63	1091.619
2092	558.071	58.308
2093	484.208	283.263
2094	1095.273	716.665
2095	864.353	339.219
2096	268.649	232.611
2097	1992.352	1324.173
2098	1799.237	401.739
2099	1631.074	1381.176
2100	93.015	66.282
2101	5.462	1468.37
2102	287.593	143.24
2103	597.916	1068.265
2104	1603.481	1506.158
2105	1615.277	9.004
2106	891.157	338.405
2107	47.415	810.325
2108	1904.147	390.391
2109	266.162	13.823
2110	1604.27	1490.439
2111	449.732	777.104
2112	1630.351	1727.782
2113	792.443	617.098
2114	1446.032	697.757
2115	967.632	681.812
2116	1883.661	213.929
2117	873.31	799.962
2118	1622.35	35.79
2119	657.472	724.352
2120	1648.763	1330.144
2121	1340.464	1402.784
2122	92.718	1232.202
2123	1912.827	232.727
2124	1250.979	230.856
2125	557.077	166.842
2126	1063.816	1103.927
2127	1305.914	1963.095
2128	37.254	1222.57
2129	201.063	1149.969
2130	1936.528	251.241
2131	1454.176	433.581
2132	1797.802	41.349
2133	1247.138	1938.869
2134	1975.952	1638.655
2135	25.791	1648.971
2136	1308.335	200.667
2137	553.13	1377.284
2138	1028.746	871.98
2139	591.005	1709.085
2140	1835.159	68.281
2141	1361.887	1012.207
2142	1371.722	929.003
2143	1064.705	281.209
2144	939.636	950.296
2145	547.763	641.082
2146	123.991	462.922
2147	446.577	657.867
2148	1550.733	477.147
2149	241.457	1428.445
2150	828.235	1606.209
2151	780.622	1001.879
2152	217.752	1875.585
2153	839.699	1421.183
2154	1451.327	501.857
2155	327.369	1300.537
2156	1419.875	1084.028
2157	236.553	599.063
2158	747.319	1209.15
2159	1252.904	510.292
2160	1067.066	586.14
2161	31.337	1566.569
2162	1190.113	635.654
2163	113.229	1426.358
2164	393.025	1768.941
2165	174.262	949.651
2166	986.968	1737.47
2167	1229.487	1326.793
2168	479.213	901.972
2169	1628.811	111.389
2170	1063.733	1823.963
2171	1897.968	1612.57
2172	986.953	696.192
2173	422.521	1516.818
2174	784.146	1128.71
2175	1260.252	1702.494
2176	113.457	1682.208
2177	1012.77	104.018
2178	367.094	1103.57
2179	68.304	1624.265
2180	914.098	1874.794
2181	227.793	642.609
2182	736.164	500.535
2183	684.465	1753.024
2184	686.301	856.973
2185	1650.461	727.403
2186	458.528	387.61
2187	1896.447	878.426
2188	1416.01	193.233
2189	1041.51	300.825
2190	238.52	656.702
2191	1780.324	1544.052
2192	238.856	129.019
2193	1996.35	1033.987
2194	1882.278	128.233
2195	941.721	278.097
2196	1243.55	658.339
2197	1442.81	82.858
2198	1321.456	792.623
2199	717.002	1953.535
2200	1369.389	929.121
2201	624.383	1084.236
2202	510.887	1460.964
2203	1200.994	476.693
2204	77.441	1771.181
2205	287.628	540.711
2206	580.066	1969.8
2207	322.502	290.813
2208	1095.492	246.48
2209	1788.161	132.892
2210	1520.301	102.507
2211	721.659	1501.984
2212	1695.838	1076
2213	1254.321	719.022
2214	1326.596	1403.898
2215	502.2	1263.587
2216	1802.772	1480.931
2217	855.661	541.836
2218	1988.025	227.587
2219	8.501	419.577
2220	387.761	749.758
2221	955.4	33.325
2222	1359.856	523.694
2223	294.334	1051.787
2224	1757.004	415.013
2225	1603.356	62.929
2226	1497.317	1790.346
2227	154.642	1666.07
2228	1548.698	386.331
2229	1957.667	1901.642
2230	1581.339	1547.049
2231	1157.286	1071.693
2232	794.813	1887.922
2233	1193.759	1890.634
2234	1038.422	22.605
2235	115.291	1111.61
2236	25.849	1913.134
2237	383.898	507.632
2238	439.978	1715.781
2239	794.586	1079.747
2240	1076.484	1127.84
2241	143.376	466.183
2242	1466.093	1212.991
2243	795.401	1183.223
2244	1207.224	783.488
2245	1231.826	297.93
2246	768.607	1368.047
2247	1077.558	490.793
2248	826.634	117.558
2249	1751.247	1373.146
2250	730.727	1349.501
2251	1208.945	247.293
2252	160.334	253.307
2253	1139.547	1643.766
2254	1372.279	75.949
2255	1225.142	191.151
2256	1224.363	594.3
2257	1187.159	230.395
2258	906	1052.781
2259	1058.271	620.749
2260	1217.871	753.632
2261	466.125	260.691
2262	379.981	1440.11
2263	475.3	252.508
2264	512.63	664.626
2265	617.937	457.857
2266	1449.64	1992.602
2267	912.202	340.116
2268	1826.334	259.128
2269	1468.306	1106.903
2270	1117.6	1386.826
2271	848.279	936.155
2272	1981.11	73.408
2273	141.958	398.805
2274	1305.8	226.891
2275	602.532	1406.077
2276	1562.292	1882.924
2277	638.232	805.824
2278	26.133	1357.367
2279	955.262	1431.718
2280	642.044	1316.226
2281	405.251	761.112
2282	417.499	528.251
2283	352.959	937.015
2284	1078.834	730.887
2285	1244.843	81.472
2286	719.214	1931.64
2287	772.469	415.027
2288	949.07	1318.579
2289	195.077	338.054
2290	915.013	670.843
2291	1826.112	882.76
2292	1897.141	471.916
2293	1787.458	1571.626
2294	884.617	1933.921
2295	1040.057	174.547
2296	143.259	1679.556
2297	1547.887	429.327
2298	404.823	1977.419
2299	813.744	1957.923
2300	312.03	300.038
2301	847.785	1380.012
2302	1120.439	1618.088
2303	337.429	1209.435
2304	1763.537	1027.639
2305	263.303	1830.671
2306	263.898	987.755
2307	313.775	1657.362
2308	843.545	602.503
2309	1473.539	558.715
2310	1890.42	1491.752
2311	1931.398	1887.986
2312	1904.21	1106.629
2313	929.866	270.11
2314	618.179	474.597
2315	1521.661	661.816
2316	1538.816	329.872
2317	602.39	1808.828
2318	507.51	1961.786
2319	1065.633	1492.395
2320	960.001	843.069
2321	892.777	588.298
2322	1502.252	66.942
2323	736.216	1145.874
2324	146.932	1163.24
2325	1678.328	1693.394
2326	1711.415	1157.508
2327	1687.892	163.305
2328	1017.742	1542.471
2329	600.871	735.366
2330	1778.185	1988.608
2331	1082.311	1469.179
2332	1049.974	423.84
2333	781.691	178.168
2334	1658.64	1856.811
2335	1475.779	1419.976
2336	1222.843	1376.016
2337	1995.107	765.578
2338	337.796	146.979
2339	1410.478	188.672
2340	411.955	1650.001
2341	346.13	146.054
2342	458.43	446.273
2343	988.259	1400.387
2344	811.568	386.575
2345	297.423	50.756
2346	1371.053	1881.005
2347	1959.209	1009.206
2348	1422.4	69.864
2349	576.082	1418.11
2350	136.593	1909.83
2351	1741.432	1935.788
2352	1292.225	91.524
2353	1940.97	1525.069
2354	1268.73	1535.104
2355	259.557	239.447
2356	1188.986	1189.893
2357	763.18	16.51
2358	1303.928	1691.812
2359	377.144	1362.548
2360	1996.56	885.901
2361	221.996	627.058
2362	1372.012	1939.292
2363	1465.811	1978.676
2364	1037.647	1507.217
2365	1041.561	405.663
2366	1094.42	295.925
2367	1569.966	1307.452
2368	892.68	1245.91
2369	107.365	1674.499
2370	433.185	421.348
2371	542.333	1188.05
2372	1386.164	256.627
2373	1369.925	1609.098
2374	1868.145	1994.08
2375	846.865	662.56
2376	1169.057	1754.273
2377	959.592	856.031
2378	231.458	756.896
2379	222.719	1436.621
2380	1579.432	1878.51
2381	1002.274	1292.265
2382	501.491	1256.726
2383	74.468	1845.948
2384	1491.426	489.457
2385	1089.226	551.394
2386	1583.832	285.774
2387	535.165	370.691
2388	1289.044	1966.869
2389	77.017	705.468
2390	1692.368	1751.697
2391	1983.625	497.75
2392	785.806	18.8
2393	887.709	476.891
2394	188.871	1725.274
2395	1652.412	1748.529
2396	577.127	1012.118
2397	500.093	487.359
2398	1419.249	1449.79
2399	42.962	484.979
2400	55.407	446.023
2401	1962.501	1198.073
2402	833.103	1171.655
2403	588.147	417.186
2404	1013.224	434.141
2405	1213.195	460.979
2406	1261.515	805.159
2407	1080.73	1225.535
2408	972.563	902.822
2409	704.992	1094.12
2410	800.234	1047.724
2411	273.042	574.535
2412	1124.411	1346.406
2413	275.67	1575.378
2414	280.914	920.169
2415	1634.675	97.785
2416	155.271	82.849
2417	1390.263	1534.326
2418	1249.204	1041.528
2419	1605.695	1266.485
2420	424.822	1322.618
2421	1807.318	1065.572
2422	1099.29	1883.826
2423	820.721	1279.602
2424	149.007	380.535
2425	1002.077	1270.36
2426	484.941	1171.729
2427	1870.354	1039.975
2428	421.443	1965.702
2429	1507.87	1442.592
2430	1850.792	1272.453
2431	1871.732	1998.714
2432	407.827	600.741
2433	429.838	597.761
2434	1189.392	308.178
2435	1938.737	1241.144
2436	713.861	223.173
2437	657.012	1998.093
2438	1111.025	129.249
2439	176.662	1676.626
2440	1663.391	851.394
2441	1902.957	602.064
2442	834.978	688.137
2443	1494.743	1438.751
2444	116.256	302.959
2445	1319.599	1886.453
2446	1152.746	641.927
2447	1051.581	1551.295
2448	1705.348	494.871
2449	1058.749	1280.997
2450	608.571	1601.476
2451	1995.499	1048.48
2452	272.892	1058.631
2453	809.572	743.43
2454	853.621	933.813
2455	1030.633	87.159
2456	468.081	1251.753
2457	1018.336	1697.367
2458	1323.082	643.156
2459	1177.597	535.377
2460	1873.329	1217.437
2461	426.394	372.555
2462	650.887	212.333
2463	575.866	333.515
2464	1200.514	1827.361
2465	1239.701	673.884
2466	1403.888	1274.995
2467	1869.679	170.686
2468	1188.557	634.659
2469	1602.141	84.882
2470	429.408	1708.286
2471	1060.06	52.588
2472	297.512	370.888
2473	1770.076	749.263
2474	884.977	303.271
2475	777.26	1133.611
2476	1292.022	1459.546
2477	594.221	761.931
2478	876.407	1893.923
2479	1751.728	1271.567
2480	1696.744	779.175
2481	899.532	1486.76
2482	1575.158	1034.479
2483	802.621	764.866
2484	1989.594	697.195
2485	1518.625	1738.017
2486	1747.472	614.083
2487	462.294	1042.942
2488	1836.013	18.823
2489	1668.242	1997.004
2490	265.972	434.226
2491	1621.895	244.34
2492	510.921	155.383
2493	384.074	1501.663
2494	558.789	260.03
2495	396.513	750.036
2496	1661.085	492.883
2497	128.003	280.882
2498	794.557	94.605
2499	1392.626	460.443
2500	1438.788	905.827
